Program: PeakIntervalMiddleHopper, Version Checkstring: 1wt79hn_1521d29a745.tnt.vcs, Box Name: Box 01, Setup: 1, _DateTime: Thu Sep 02 11:44:18 ADT 2021, Version: 1, _ResultSize: 48888, Controller: Brown Lab 192.168.0.227, Username: Richard Brown, _LineMap: <non-comparable key value>, Auto-Upload Results: yes, _ConSoftwareVer: cu3.22:i21, _TestRunID: null, _SetupTS: 1511bb97c98_1.cnssetup, _ConUniqueID: 00:2:b3:cd:82:23, Status: Unverified   TRANSIENT: index: 5019 source: cenes.tnt.filter.Archive@45a4730a
0.0,DIGITAL_IN,ChoiceWallIR,-1,null
0.0,DIGITAL_IN,TrayReport,-1,null
0.0,PROGRAM,START,3715,3715
0.0,BLOCK,START,1,null
0.0,PROGRAMMATIC,FIEvent,-1,null
1302.998,DIGITAL_IN,ChoiceWallIR,0,null
1566.878,DIGITAL_IN,TrayWallIR,-1,null
2078.646,DIGITAL_IN,TrayWallIR,0,null
2122.626,DIGITAL_IN,TrayWallIR,-1,null
3977.786,DIGITAL_IN,TrayWallIR,0,null
4121.721,DIGITAL_IN,TrayWallIR,-1,null
4125.72,DIGITAL_IN,TrayWallIR,0,null
4689.464,DIGITAL_IN,ChoiceWallIR,-1,null
6293.737,DIGITAL_IN,Hole5NP,-1,null
6393.692,DIGITAL_IN,Hole5NP,0,null
6737.536,DIGITAL_IN,Hole6NP,-1,null
6749.531,DIGITAL_IN,Hole6NP,0,null
6925.451,DIGITAL_IN,Hole5NP,-1,null
7077.382,DIGITAL_IN,Hole5NP,0,null
7405.234,DIGITAL_IN,Hole4NP,-1,null
7437.219,DIGITAL_IN,Hole4NP,0,null
8908.553,DIGITAL_IN,ChoiceWallIR,0,null
9076.477,DIGITAL_IN,ChoiceWallIR,-1,null
9084.473,DIGITAL_IN,ChoiceWallIR,0,null
9204.419,DIGITAL_IN,TrayWallIR,-1,null
9260.393,DIGITAL_IN,TrayWallIR,0,null
9496.287,DIGITAL_IN,TrayWallIR,-1,null
15000.0,PROGRAMMATIC,FITimerEvent,-1,null
15650.499,DIGITAL_IN,TrayWallIR,0,null
15678.487,DIGITAL_IN,TrayWallIR,-1,null
15682.486,DIGITAL_IN,TrayWallIR,0,null
15722.467,DIGITAL_IN,ChoiceWallIR,-1,null
16202.249,DIGITAL_IN,ChoiceWallIR,0,null
16238.233,DIGITAL_IN,Hole5NP,-1,null
16238.233,PROGRAMMATIC,Hole5Event,-1,null
16258.224,DIGITAL_IN,ChoiceWallIR,-1,null
16266.221,DIGITAL_IN,Hole5NP,0,null
16809.974,DIGITAL_IN,ChoiceWallIR,0,null
16925.922,DIGITAL_IN,TrayWallIR,-1,null
17438.233,PROGRAMMATIC,FeederTimerEvent,-1,null
17438.233,ALWAYS,ITI,-1,null
25532.024,DIGITAL_IN,TrayWallIR,0,null
27191.272,DIGITAL_IN,TrayWallIR,-1,null
27199.269,DIGITAL_IN,TrayWallIR,0,null
27283.231,DIGITAL_IN,TrayWallIR,-1,null
29518.219,DIGITAL_IN,TrayWallIR,0,null
30033.985,DIGITAL_IN,TrayWallIR,-1,null
30501.773,DIGITAL_IN,TrayWallIR,0,null
30553.75,DIGITAL_IN,TrayWallIR,-1,null
30565.744,DIGITAL_IN,TrayWallIR,0,null
32217.996,DIGITAL_IN,ChoiceWallIR,-1,null
32345.938,DIGITAL_IN,ChoiceWallIR,0,null
32513.862,DIGITAL_IN,ChoiceWallIR,-1,null
35848.352,DIGITAL_IN,ChoiceWallIR,0,null
36016.275,DIGITAL_IN,ChoiceWallIR,-1,null
36032.269,DIGITAL_IN,ChoiceWallIR,0,null
36204.19,DIGITAL_IN,TrayWallIR,-1,null
37438.233,PROGRAMMATIC,ITITimerEvent,-1,null
38584.112,DIGITAL_IN,TrayWallIR,0,null
38636.089,DIGITAL_IN,TrayWallIR,-1,null
38640.088,DIGITAL_IN,TrayWallIR,0,null
39267.803,DIGITAL_IN,TrayWallIR,-1,null
39275.799,DIGITAL_IN,TrayWallIR,0,null
40463.261,DIGITAL_IN,TrayWallIR,-1,null
41094.975,DIGITAL_IN,TrayWallIR,0,null
41782.664,DIGITAL_IN,TrayWallIR,-1,null
44067.233,PROGRAMMATIC,RandITITimerEvent,-1,null
44067.233,PROGRAMMATIC,FIEvent,-1,null
44277.534,DIGITAL_IN,TrayWallIR,0,null
44385.485,DIGITAL_IN,TrayWallIR,-1,null
45414.019,DIGITAL_IN,TrayWallIR,0,null
45493.983,DIGITAL_IN,TrayWallIR,-1,null
45745.869,DIGITAL_IN,TrayWallIR,0,null
45949.777,DIGITAL_IN,ChoiceWallIR,-1,null
46021.744,DIGITAL_IN,ChoiceWallIR,0,null
46033.738,DIGITAL_IN,ChoiceWallIR,-1,null
46053.729,DIGITAL_IN,ChoiceWallIR,0,null
46209.659,DIGITAL_IN,ChoiceWallIR,-1,null
46221.653,DIGITAL_IN,ChoiceWallIR,0,null
46777.402,DIGITAL_IN,Hole5NP,-1,null
47029.288,DIGITAL_IN,Hole5NP,0,null
47253.186,DIGITAL_IN,Hole5NP,-1,null
47473.087,DIGITAL_IN,Hole5NP,0,null
47892.896,DIGITAL_IN,Hole5NP,-1,null
48076.813,DIGITAL_IN,Hole5NP,0,null
48492.625,DIGITAL_IN,ChoiceWallIR,-1,null
48940.422,DIGITAL_IN,ChoiceWallIR,0,null
49052.371,DIGITAL_IN,ChoiceWallIR,-1,null
49200.304,DIGITAL_IN,Hole5NP,-1,null
49256.279,DIGITAL_IN,TrayWallIR,-1,null
49304.257,DIGITAL_IN,Hole5NP,0,null
49376.225,DIGITAL_IN,TrayWallIR,0,null
49676.089,DIGITAL_IN,Hole5NP,-1,null
49708.074,DIGITAL_IN,ChoiceWallIR,0,null
49840.015,DIGITAL_IN,Hole5NP,0,null
50343.786,DIGITAL_IN,ChoiceWallIR,-1,null
50643.651,DIGITAL_IN,ChoiceWallIR,0,null
51291.357,DIGITAL_IN,ChoiceWallIR,-1,null
52091.995,DIGITAL_IN,ChoiceWallIR,0,null
52215.938,DIGITAL_IN,TrayWallIR,-1,null
56817.854,DIGITAL_IN,TrayWallIR,0,null
56829.849,DIGITAL_IN,TrayWallIR,-1,null
56845.842,DIGITAL_IN,TrayWallIR,0,null
56977.782,DIGITAL_IN,TrayWallIR,-1,null
56981.781,DIGITAL_IN,TrayWallIR,0,null
57017.764,DIGITAL_IN,TrayWallIR,-1,null
57061.744,DIGITAL_IN,TrayWallIR,0,null
57125.715,DIGITAL_IN,TrayWallIR,-1,null
57265.651,DIGITAL_IN,TrayWallIR,0,null
57833.394,DIGITAL_IN,ChoiceWallIR,-1,null
58118.265,DIGITAL_IN,ChoiceWallIR,0,null
58222.218,DIGITAL_IN,Hole5NP,-1,null
58246.207,DIGITAL_IN,Hole5NP,0,null
58266.198,DIGITAL_IN,Hole5NP,-1,null
58330.169,DIGITAL_IN,Hole5NP,0,null
58709.997,DIGITAL_IN,Hole5NP,-1,null
58749.979,DIGITAL_IN,Hole5NP,0,null
58773.969,DIGITAL_IN,Hole5NP,-1,null
58849.934,DIGITAL_IN,Hole5NP,0,null
59067.233,PROGRAMMATIC,FITimerEvent,-1,null
59689.554,DIGITAL_IN,TrayWallIR,-1,null
59705.546,DIGITAL_IN,TrayWallIR,0,null
59737.532,DIGITAL_IN,TrayWallIR,-1,null
59793.507,DIGITAL_IN,TrayWallIR,0,null
60105.365,DIGITAL_IN,TrayWallIR,-1,null
60233.307,DIGITAL_IN,TrayWallIR,0,null
60313.271,DIGITAL_IN,TrayWallIR,-1,null
60473.199,DIGITAL_IN,TrayWallIR,0,null
60513.181,DIGITAL_IN,TrayWallIR,-1,null
60537.17,DIGITAL_IN,Hole5NP,-1,null
60537.17,PROGRAMMATIC,Hole5Event,-1,null
60605.139,DIGITAL_IN,TrayWallIR,0,null
60661.114,DIGITAL_IN,TrayWallIR,-1,null
60689.101,DIGITAL_IN,Hole5NP,0,null
60737.079,DIGITAL_IN,TrayWallIR,0,null
60948.983,DIGITAL_IN,ChoiceWallIR,-1,null
61068.929,DIGITAL_IN,ChoiceWallIR,0,null
61100.914,DIGITAL_IN,TrayWallIR,-1,null
61737.17,PROGRAMMATIC,FeederTimerEvent,-1,null
61737.17,ALWAYS,ITI,-1,null
80639.065,DIGITAL_IN,TrayWallIR,0,null
81737.17,PROGRAMMATIC,ITITimerEvent,-1,null
82178.368,DIGITAL_IN,TrayWallIR,-1,null
82210.354,DIGITAL_IN,TrayWallIR,0,null
82234.343,DIGITAL_IN,ChoiceWallIR,-1,null
82306.31,DIGITAL_IN,ChoiceWallIR,0,null
82358.287,DIGITAL_IN,TrayWallIR,-1,null
82418.26,DIGITAL_IN,TrayWallIR,0,null
82526.211,DIGITAL_IN,ChoiceWallIR,-1,null
82662.149,DIGITAL_IN,ChoiceWallIR,0,null
82718.124,DIGITAL_IN,ChoiceWallIR,-1,null
83081.959,DIGITAL_IN,ChoiceWallIR,0,null
83085.958,DIGITAL_IN,ChoiceWallIR,-1,null
83117.943,DIGITAL_IN,ChoiceWallIR,0,null
83745.658,DIGITAL_IN,ChoiceWallIR,-1,null
83853.609,DIGITAL_IN,ChoiceWallIR,0,null
83869.602,DIGITAL_IN,ChoiceWallIR,-1,null
84254.428,DIGITAL_IN,ChoiceWallIR,0,null
84338.39,DIGITAL_IN,ChoiceWallIR,-1,null
84422.352,DIGITAL_IN,ChoiceWallIR,0,null
84726.214,DIGITAL_IN,ChoiceWallIR,-1,null
85413.903,DIGITAL_IN,ChoiceWallIR,0,null
85793.731,DIGITAL_IN,ChoiceWallIR,-1,null
86401.455,DIGITAL_IN,ChoiceWallIR,0,null
87141.12,DIGITAL_IN,TrayWallIR,-1,null
88164.657,DIGITAL_IN,TrayWallIR,0,null
88288.601,DIGITAL_IN,TrayWallIR,-1,null
89440.079,DIGITAL_IN,TrayWallIR,0,null
89576.018,DIGITAL_IN,TrayWallIR,-1,null
89623.996,DIGITAL_IN,TrayWallIR,0,null
90590.17,PROGRAMMATIC,RandITITimerEvent,-1,null
90590.17,PROGRAMMATIC,FIEvent,-1,null
91204.28,DIGITAL_IN,ChoiceWallIR,-1,null
91540.128,DIGITAL_IN,Hole5NP,-1,null
91688.061,DIGITAL_IN,Hole5NP,0,null
91983.927,DIGITAL_IN,ChoiceWallIR,0,null
92055.895,DIGITAL_IN,ChoiceWallIR,-1,null
92095.876,DIGITAL_IN,ChoiceWallIR,0,null
92435.723,DIGITAL_IN,Hole5NP,-1,null
92491.697,DIGITAL_IN,Hole5NP,0,null
94710.692,DIGITAL_IN,ChoiceWallIR,-1,null
94802.65,DIGITAL_IN,TrayWallIR,-1,null
94890.611,DIGITAL_IN,TrayWallIR,0,null
95046.54,DIGITAL_IN,TrayWallIR,-1,null
95062.533,DIGITAL_IN,TrayWallIR,0,null
96581.845,DIGITAL_IN,ChoiceWallIR,0,null
100964.86,DIGITAL_IN,ChoiceWallIR,-1,null
101284.715,DIGITAL_IN,Hole5NP,-1,null
101484.624,DIGITAL_IN,Hole5NP,0,null
103439.739,DIGITAL_IN,Hole5NP,-1,null
103627.654,DIGITAL_IN,Hole5NP,0,null
104108.436,DIGITAL_IN,Hole6NP,-1,null
104160.412,DIGITAL_IN,Hole6NP,0,null
104904.075,DIGITAL_IN,ChoiceWallIR,0,null
104928.065,DIGITAL_IN,ChoiceWallIR,-1,null
105475.817,DIGITAL_IN,ChoiceWallIR,0,null
105551.782,DIGITAL_IN,Hole5NP,-1,null
105590.17,PROGRAMMATIC,FITimerEvent,-1,null
105723.704,DIGITAL_IN,Hole5NP,0,null
105843.65,DIGITAL_IN,ChoiceWallIR,-1,null
106239.471,DIGITAL_IN,ChoiceWallIR,0,null
107139.063,DIGITAL_IN,ChoiceWallIR,-1,null
107263.007,DIGITAL_IN,ChoiceWallIR,0,null
107314.984,DIGITAL_IN,ChoiceWallIR,-1,null
108814.304,DIGITAL_IN,ChoiceWallIR,0,null
110402.585,DIGITAL_IN,TrayWallIR,-1,null
111650.02,DIGITAL_IN,TrayWallIR,0,null
111713.991,DIGITAL_IN,TrayWallIR,-1,null
118751.804,DIGITAL_IN,TrayWallIR,0,null
118895.738,DIGITAL_IN,ChoiceWallIR,-1,null
118919.728,DIGITAL_IN,ChoiceWallIR,0,null
119019.682,DIGITAL_IN,ChoiceWallIR,-1,null
119035.675,DIGITAL_IN,ChoiceWallIR,0,null
119527.452,DIGITAL_IN,Hole5NP,-1,null
119527.452,PROGRAMMATIC,Hole5Event,-1,null
119655.394,DIGITAL_IN,Hole5NP,0,null
119707.371,DIGITAL_IN,ChoiceWallIR,-1,null
120039.221,DIGITAL_IN,ChoiceWallIR,0,null
120275.114,DIGITAL_IN,TrayWallIR,-1,null
120727.452,PROGRAMMATIC,FeederTimerEvent,-1,null
120727.452,ALWAYS,ITI,-1,null
128940.189,DIGITAL_IN,TrayWallIR,0,null
129136.101,DIGITAL_IN,TrayWallIR,-1,null
129168.086,DIGITAL_IN,TrayWallIR,0,null
129276.037,DIGITAL_IN,TrayWallIR,-1,null
129308.023,DIGITAL_IN,TrayWallIR,0,null
130072.676,DIGITAL_IN,TrayWallIR,-1,null
131855.869,DIGITAL_IN,TrayWallIR,0,null
131903.847,DIGITAL_IN,TrayWallIR,-1,null
131999.804,DIGITAL_IN,TrayWallIR,0,null
132255.688,DIGITAL_IN,TrayWallIR,-1,null
132615.525,DIGITAL_IN,TrayWallIR,0,null
132663.503,DIGITAL_IN,TrayWallIR,-1,null
132727.474,DIGITAL_IN,TrayWallIR,0,null
134222.797,DIGITAL_IN,TrayWallIR,-1,null
135938.02,DIGITAL_IN,TrayWallIR,0,null
136185.908,DIGITAL_IN,TrayWallIR,-1,null
136225.89,DIGITAL_IN,TrayWallIR,0,null
136446.789,DIGITAL_IN,ChoiceWallIR,-1,null
136574.732,DIGITAL_IN,ChoiceWallIR,0,null
136606.717,DIGITAL_IN,ChoiceWallIR,-1,null
136630.706,DIGITAL_IN,ChoiceWallIR,0,null
136938.567,DIGITAL_IN,ChoiceWallIR,-1,null
137554.288,DIGITAL_IN,Hole6NP,-1,null
137598.268,DIGITAL_IN,Hole6NP,0,null
137638.25,DIGITAL_IN,Hole6NP,-1,null
137666.237,DIGITAL_IN,Hole6NP,0,null
137966.101,DIGITAL_IN,Hole5NP,-1,null
138098.042,DIGITAL_IN,Hole5NP,0,null
138973.645,DIGITAL_IN,ChoiceWallIR,0,null
139061.605,DIGITAL_IN,ChoiceWallIR,-1,null
140436.982,DIGITAL_IN,Hole5NP,-1,null
140560.926,DIGITAL_IN,ChoiceWallIR,0,null
140580.917,DIGITAL_IN,Hole5NP,0,null
140727.452,PROGRAMMATIC,ITITimerEvent,-1,null
141872.332,DIGITAL_IN,Hole6NP,-1,null
142088.234,DIGITAL_IN,Hole6NP,0,null
142376.104,DIGITAL_IN,Hole5NP,-1,null
142408.089,DIGITAL_IN,Hole5NP,0,null
142691.961,DIGITAL_IN,ChoiceWallIR,-1,null
142915.859,DIGITAL_IN,ChoiceWallIR,0,null
143172.743,DIGITAL_IN,TrayWallIR,-1,null
143552.571,DIGITAL_IN,TrayWallIR,0,null
144160.296,DIGITAL_IN,TrayWallIR,-1,null
145061.452,PROGRAMMATIC,RandITITimerEvent,-1,null
145061.452,PROGRAMMATIC,PIEvent,-1,null
146415.275,DIGITAL_IN,TrayWallIR,0,null
146431.267,DIGITAL_IN,TrayWallIR,-1,null
146443.262,DIGITAL_IN,TrayWallIR,0,null
146555.211,DIGITAL_IN,ChoiceWallIR,-1,null
146803.099,DIGITAL_IN,Hole5NP,-1,null
146815.094,DIGITAL_IN,ChoiceWallIR,0,null
146879.065,DIGITAL_IN,Hole5NP,0,null
147450.806,DIGITAL_IN,TrayWallIR,-1,null
147510.778,DIGITAL_IN,TrayWallIR,0,null
147574.749,DIGITAL_IN,TrayWallIR,-1,null
147590.743,DIGITAL_IN,TrayWallIR,0,null
147618.73,DIGITAL_IN,Hole5NP,-1,null
147794.65,DIGITAL_IN,Hole5NP,0,null
147802.646,DIGITAL_IN,TrayWallIR,-1,null
147822.637,DIGITAL_IN,TrayWallIR,0,null
147886.608,DIGITAL_IN,TrayWallIR,-1,null
147990.561,DIGITAL_IN,Hole5NP,-1,null
148034.541,DIGITAL_IN,Hole5NP,0,null
148042.538,DIGITAL_IN,TrayWallIR,0,null
148358.395,DIGITAL_IN,Hole5NP,-1,null
148394.378,DIGITAL_IN,Hole5NP,0,null
148766.21,DIGITAL_IN,ChoiceWallIR,-1,null
148978.114,DIGITAL_IN,ChoiceWallIR,0,null
149634.816,DIGITAL_IN,ChoiceWallIR,-1,null
150034.635,DIGITAL_IN,Hole5NP,-1,null
150330.501,DIGITAL_IN,Hole5NP,0,null
150438.452,DIGITAL_IN,Hole5NP,-1,null
150566.395,DIGITAL_IN,Hole5NP,0,null
152097.701,DIGITAL_IN,ChoiceWallIR,0,null
152237.638,DIGITAL_IN,ChoiceWallIR,-1,null
152257.629,DIGITAL_IN,ChoiceWallIR,0,null
152637.456,DIGITAL_IN,ChoiceWallIR,-1,null
152881.346,DIGITAL_IN,Hole5NP,-1,null
152889.342,DIGITAL_IN,ChoiceWallIR,0,null
152897.339,DIGITAL_IN,Hole5NP,0,null
152957.312,DIGITAL_IN,Hole5NP,-1,null
153153.223,DIGITAL_IN,Hole5NP,0,null
153441.093,DIGITAL_IN,Hole5NP,-1,null
153752.951,DIGITAL_IN,Hole5NP,0,null
154320.694,DIGITAL_IN,Hole5NP,-1,null
154556.587,DIGITAL_IN,Hole5NP,0,null
154824.466,DIGITAL_IN,Hole5NP,-1,null
154984.394,DIGITAL_IN,Hole5NP,0,null
155132.327,DIGITAL_IN,Hole6NP,-1,null
156400.752,DIGITAL_IN,ChoiceWallIR,-1,null
156400.752,DIGITAL_IN,Hole6NP,0,null
156572.675,DIGITAL_IN,ChoiceWallIR,0,null
156636.645,DIGITAL_IN,Hole5NP,-1,null
156892.529,DIGITAL_IN,Hole5NP,0,null
157332.33,DIGITAL_IN,Hole6NP,-1,null
157680.173,DIGITAL_IN,Hole6NP,0,null
157812.113,DIGITAL_IN,ChoiceWallIR,-1,null
157932.059,DIGITAL_IN,ChoiceWallIR,0,null
157944.053,DIGITAL_IN,TrayWallIR,-1,null
157956.048,DIGITAL_IN,ChoiceWallIR,-1,null
158028.015,DIGITAL_IN,TrayWallIR,0,null
160414.934,DIGITAL_IN,ChoiceWallIR,0,null
160558.869,DIGITAL_IN,ChoiceWallIR,-1,null
160566.865,DIGITAL_IN,ChoiceWallIR,0,null
160622.84,DIGITAL_IN,ChoiceWallIR,-1,null
160858.733,DIGITAL_IN,Hole4NP,-1,null
160918.706,DIGITAL_IN,Hole4NP,0,null
161270.547,DIGITAL_IN,Hole5NP,-1,null
161358.511,DIGITAL_IN,Hole5NP,0,null
161446.467,DIGITAL_IN,Hole5NP,-1,null
161570.411,DIGITAL_IN,Hole5NP,0,null
162990.767,DIGITAL_IN,ChoiceWallIR,0,null
163274.639,DIGITAL_IN,ChoiceWallIR,-1,null
163326.615,DIGITAL_IN,ChoiceWallIR,0,null
163346.606,DIGITAL_IN,ChoiceWallIR,-1,null
163634.476,DIGITAL_IN,ChoiceWallIR,0,null
163786.407,DIGITAL_IN,Hole5NP,-1,null
163938.338,DIGITAL_IN,Hole5NP,0,null
164490.088,DIGITAL_IN,TrayWallIR,-1,null
164506.081,DIGITAL_IN,ChoiceWallIR,-1,null
164510.08,DIGITAL_IN,TrayWallIR,0,null
164757.967,DIGITAL_IN,Hole5NP,-1,null
165033.842,DIGITAL_IN,Hole5NP,0,null
165273.733,DIGITAL_IN,Hole5NP,-1,null
165409.672,DIGITAL_IN,Hole5NP,0,null
165793.498,DIGITAL_IN,Hole5NP,-1,null
165869.464,DIGITAL_IN,Hole5NP,0,null
165873.464,DIGITAL_IN,TrayWallIR,-1,null
166121.349,DIGITAL_IN,TrayWallIR,0,null
166189.319,DIGITAL_IN,TrayWallIR,-1,null
166217.306,DIGITAL_IN,TrayWallIR,0,null
166281.277,DIGITAL_IN,ChoiceWallIR,0,null
166385.23,DIGITAL_IN,ChoiceWallIR,-1,null
167836.573,DIGITAL_IN,ChoiceWallIR,0,null
168056.473,DIGITAL_IN,ChoiceWallIR,-1,null
168180.417,DIGITAL_IN,ChoiceWallIR,0,null
169356.885,DIGITAL_IN,TrayWallIR,-1,null
171012.134,DIGITAL_IN,TrayWallIR,0,null
171272.017,DIGITAL_IN,TrayWallIR,-1,null
171603.866,DIGITAL_IN,TrayWallIR,0,null
172379.515,DIGITAL_IN,ChoiceWallIR,-1,null
172747.349,DIGITAL_IN,Hole5NP,-1,null
172799.325,DIGITAL_IN,ChoiceWallIR,0,null
172819.316,DIGITAL_IN,ChoiceWallIR,-1,null
172847.303,DIGITAL_IN,ChoiceWallIR,0,null
172859.298,DIGITAL_IN,Hole5NP,0,null
173327.086,DIGITAL_IN,Hole5NP,-1,null
173634.947,DIGITAL_IN,Hole5NP,0,null
174066.751,DIGITAL_IN,Hole5NP,-1,null
174158.709,DIGITAL_IN,Hole5NP,0,null
174174.702,DIGITAL_IN,Hole5NP,-1,null
174526.543,DIGITAL_IN,Hole5NP,0,null
174810.414,DIGITAL_IN,ChoiceWallIR,-1,null
175442.128,DIGITAL_IN,ChoiceWallIR,0,null
175486.108,DIGITAL_IN,ChoiceWallIR,-1,null
175954.896,DIGITAL_IN,Hole5NP,-1,null
175982.883,DIGITAL_IN,Hole5NP,0,null
176026.863,DIGITAL_IN,Hole5NP,-1,null
176170.798,DIGITAL_IN,Hole5NP,0,null
176558.623,DIGITAL_IN,Hole5NP,-1,null
176570.617,DIGITAL_IN,ChoiceWallIR,0,null
176750.535,DIGITAL_IN,Hole5NP,0,null
177086.383,DIGITAL_IN,ChoiceWallIR,-1,null
178425.777,DIGITAL_IN,ChoiceWallIR,0,null
178453.764,DIGITAL_IN,ChoiceWallIR,-1,null
178749.63,DIGITAL_IN,Hole5NP,-1,null
178893.565,DIGITAL_IN,Hole5NP,0,null
178945.541,DIGITAL_IN,ChoiceWallIR,0,null
179201.425,DIGITAL_IN,Hole5NP,-1,null
179537.273,DIGITAL_IN,Hole5NP,0,null
179837.137,DIGITAL_IN,ChoiceWallIR,-1,null
179853.13,DIGITAL_IN,ChoiceWallIR,0,null
179965.08,DIGITAL_IN,ChoiceWallIR,-1,null
180077.029,DIGITAL_IN,ChoiceWallIR,0,null
180133.004,DIGITAL_IN,TrayWallIR,-1,null
182536.915,DIGITAL_IN,TrayWallIR,0,null
182704.839,DIGITAL_IN,TrayWallIR,-1,null
183120.65,DIGITAL_IN,TrayWallIR,0,null
183156.634,DIGITAL_IN,TrayWallIR,-1,null
183176.625,DIGITAL_IN,TrayWallIR,0,null
184460.044,DIGITAL_IN,TrayWallIR,-1,null
184472.038,DIGITAL_IN,TrayWallIR,0,null
184524.015,DIGITAL_IN,TrayWallIR,-1,null
184991.803,DIGITAL_IN,TrayWallIR,0,null
185515.566,DIGITAL_IN,ChoiceWallIR,-1,null
185879.401,DIGITAL_IN,ChoiceWallIR,0,null
185939.374,DIGITAL_IN,ChoiceWallIR,-1,null
186291.214,DIGITAL_IN,ChoiceWallIR,0,null
186359.184,DIGITAL_IN,Hole5NP,-1,null
186375.176,DIGITAL_IN,ChoiceWallIR,-1,null
186854.959,DIGITAL_IN,Hole5NP,0,null
187446.691,DIGITAL_IN,Hole5NP,-1,null
187522.657,DIGITAL_IN,Hole5NP,0,null
187870.499,DIGITAL_IN,ChoiceWallIR,0,null
187994.443,DIGITAL_IN,ChoiceWallIR,-1,null
188038.423,DIGITAL_IN,ChoiceWallIR,0,null
188334.289,DIGITAL_IN,ChoiceWallIR,-1,null
188691.127,DIGITAL_IN,ChoiceWallIR,0,null
188899.034,DIGITAL_IN,ChoiceWallIR,-1,null
190061.452,PROGRAMMATIC,PITimerEvent,-1,null
190061.452,ALWAYS,ITI,-1,null
192717.304,DIGITAL_IN,ChoiceWallIR,0,null
193804.811,DIGITAL_IN,ChoiceWallIR,-1,null
193888.773,DIGITAL_IN,ChoiceWallIR,0,null
193964.739,DIGITAL_IN,ChoiceWallIR,-1,null
194128.665,DIGITAL_IN,ChoiceWallIR,0,null
194192.636,DIGITAL_IN,ChoiceWallIR,-1,null
196768.469,DIGITAL_IN,ChoiceWallIR,0,null
196896.411,DIGITAL_IN,ChoiceWallIR,-1,null
196900.411,DIGITAL_IN,ChoiceWallIR,0,null
196948.388,DIGITAL_IN,TrayWallIR,-1,null
197064.335,DIGITAL_IN,TrayWallIR,0,null
197292.232,DIGITAL_IN,TrayWallIR,-1,null
197736.031,DIGITAL_IN,TrayWallIR,0,null
198135.85,DIGITAL_IN,TrayWallIR,-1,null
198891.508,DIGITAL_IN,TrayWallIR,0,null
201859.163,DIGITAL_IN,TrayWallIR,-1,null
201895.147,DIGITAL_IN,TrayWallIR,0,null
202167.024,DIGITAL_IN,TrayWallIR,-1,null
206613.01,DIGITAL_IN,TrayWallIR,0,null
206637.0,DIGITAL_IN,TrayWallIR,-1,null
206648.994,DIGITAL_IN,TrayWallIR,0,null
206856.9,DIGITAL_IN,ChoiceWallIR,-1,null
206916.873,DIGITAL_IN,ChoiceWallIR,0,null
206940.862,DIGITAL_IN,ChoiceWallIR,-1,null
207568.578,DIGITAL_IN,ChoiceWallIR,0,null
207604.561,DIGITAL_IN,Hole5NP,-1,null
207612.558,DIGITAL_IN,ChoiceWallIR,-1,null
207644.543,DIGITAL_IN,Hole5NP,0,null
207672.53,DIGITAL_IN,ChoiceWallIR,0,null
207928.415,DIGITAL_IN,Hole5NP,-1,null
208100.337,DIGITAL_IN,Hole5NP,0,null
208597.112,DIGITAL_IN,ChoiceWallIR,-1,null
208597.112,DIGITAL_IN,Hole6NP,-1,null
208637.094,DIGITAL_IN,Hole6NP,0,null
208665.081,DIGITAL_IN,Hole6NP,-1,null
208713.059,DIGITAL_IN,Hole6NP,0,null
208749.043,DIGITAL_IN,Hole6NP,-1,null
208777.03,DIGITAL_IN,Hole6NP,0,null
209004.927,DIGITAL_IN,Hole5NP,-1,null
209212.833,DIGITAL_IN,Hole5NP,0,null
209328.78,DIGITAL_IN,ChoiceWallIR,0,null
209336.777,DIGITAL_IN,ChoiceWallIR,-1,null
209940.503,DIGITAL_IN,Hole6NP,-1,null
209988.482,DIGITAL_IN,Hole6NP,0,null
210061.452,PROGRAMMATIC,ITITimerEvent,-1,null
212143.506,DIGITAL_IN,ChoiceWallIR,0,null
212251.457,DIGITAL_IN,TrayWallIR,-1,null
213378.946,DIGITAL_IN,TrayWallIR,0,null
214590.397,DIGITAL_IN,TrayWallIR,-1,null
214598.394,DIGITAL_IN,TrayWallIR,0,null
215758.868,DIGITAL_IN,TrayWallIR,-1,null
217022.296,DIGITAL_IN,TrayWallIR,0,null
217058.28,DIGITAL_IN,TrayWallIR,-1,null
217158.234,DIGITAL_IN,TrayWallIR,0,null
217262.187,DIGITAL_IN,TrayWallIR,-1,null
219886.452,PROGRAMMATIC,RandITITimerEvent,-1,null
219886.452,PROGRAMMATIC,FIEvent,-1,null
220384.773,DIGITAL_IN,TrayWallIR,0,null
220884.547,DIGITAL_IN,ChoiceWallIR,-1,null
221641.204,DIGITAL_IN,ChoiceWallIR,0,null
222132.981,DIGITAL_IN,Hole5NP,-1,null
222392.864,DIGITAL_IN,Hole5NP,0,null
223616.309,DIGITAL_IN,Hole5NP,-1,null
223828.213,DIGITAL_IN,Hole5NP,0,null
223976.146,DIGITAL_IN,ChoiceWallIR,-1,null
224391.958,DIGITAL_IN,ChoiceWallIR,0,null
224415.948,DIGITAL_IN,ChoiceWallIR,-1,null
224439.936,DIGITAL_IN,ChoiceWallIR,0,null
224563.88,DIGITAL_IN,ChoiceWallIR,-1,null
224583.871,DIGITAL_IN,ChoiceWallIR,0,null
224783.781,DIGITAL_IN,ChoiceWallIR,-1,null
225919.266,DIGITAL_IN,ChoiceWallIR,0,null
226099.185,DIGITAL_IN,ChoiceWallIR,-1,null
226115.178,DIGITAL_IN,ChoiceWallIR,0,null
229854.484,DIGITAL_IN,Hole5NP,-1,null
230066.388,DIGITAL_IN,Hole5NP,0,null
231145.899,DIGITAL_IN,ChoiceWallIR,-1,null
231773.615,DIGITAL_IN,ChoiceWallIR,0,null
232093.47,DIGITAL_IN,Hole5NP,-1,null
232337.36,DIGITAL_IN,Hole5NP,0,null
232609.236,DIGITAL_IN,ChoiceWallIR,-1,null
233073.026,DIGITAL_IN,ChoiceWallIR,0,null
233101.014,DIGITAL_IN,ChoiceWallIR,-1,null
233280.932,DIGITAL_IN,ChoiceWallIR,0,null
233484.84,DIGITAL_IN,ChoiceWallIR,-1,null
234886.452,PROGRAMMATIC,FITimerEvent,-1,null
235297.019,DIGITAL_IN,ChoiceWallIR,0,null
235376.983,DIGITAL_IN,TrayWallIR,-1,null
235540.909,DIGITAL_IN,TrayWallIR,0,null
235620.872,DIGITAL_IN,TrayWallIR,-1,null
235720.828,DIGITAL_IN,TrayWallIR,0,null
236300.565,DIGITAL_IN,TrayWallIR,-1,null
237408.063,DIGITAL_IN,TrayWallIR,0,null
237651.953,DIGITAL_IN,TrayWallIR,-1,null
241547.188,DIGITAL_IN,TrayWallIR,0,null
242174.904,DIGITAL_IN,TrayWallIR,-1,null
244241.968,DIGITAL_IN,TrayWallIR,0,null
244285.948,DIGITAL_IN,TrayWallIR,-1,null
249276.688,DIGITAL_IN,TrayWallIR,0,null
249292.68,DIGITAL_IN,TrayWallIR,-1,null
249304.675,DIGITAL_IN,TrayWallIR,0,null
249468.601,DIGITAL_IN,ChoiceWallIR,-1,null
249824.439,DIGITAL_IN,Hole5NP,-1,null
249824.439,PROGRAMMATIC,Hole5Event,-1,null
249984.367,DIGITAL_IN,Hole5NP,0,null
250104.313,DIGITAL_IN,ChoiceWallIR,0,null
250120.305,DIGITAL_IN,ChoiceWallIR,-1,null
250132.3,DIGITAL_IN,ChoiceWallIR,0,null
250136.299,DIGITAL_IN,TrayWallIR,-1,null
250176.28,DIGITAL_IN,TrayWallIR,0,null
250352.2,DIGITAL_IN,ChoiceWallIR,-1,null
250380.188,DIGITAL_IN,ChoiceWallIR,0,null
250508.13,DIGITAL_IN,TrayWallIR,-1,null
251024.439,PROGRAMMATIC,FeederTimerEvent,-1,null
251024.439,ALWAYS,ITI,-1,null
265831.19,DIGITAL_IN,TrayWallIR,0,null
265851.181,DIGITAL_IN,TrayWallIR,-1,null
265859.177,DIGITAL_IN,TrayWallIR,0,null
266770.764,DIGITAL_IN,TrayWallIR,-1,null
270913.888,DIGITAL_IN,TrayWallIR,0,null
271024.439,PROGRAMMATIC,ITITimerEvent,-1,null
272209.301,DIGITAL_IN,TrayWallIR,-1,null
272605.122,DIGITAL_IN,TrayWallIR,0,null
274866.439,PROGRAMMATIC,RandITITimerEvent,-1,null
274866.439,PROGRAMMATIC,PIEvent,-1,null
285093.466,DIGITAL_IN,ChoiceWallIR,-1,null
285133.448,DIGITAL_IN,ChoiceWallIR,0,null
285701.191,DIGITAL_IN,TrayWallIR,-1,null
285749.169,DIGITAL_IN,Hole5NP,-1,null
285777.156,DIGITAL_IN,TrayWallIR,0,null
285861.118,DIGITAL_IN,TrayWallIR,-1,null
285929.087,DIGITAL_IN,TrayWallIR,0,null
285949.078,DIGITAL_IN,Hole5NP,0,null
286324.908,DIGITAL_IN,Hole5NP,-1,null
286685.745,DIGITAL_IN,TrayWallIR,-1,null
286717.73,DIGITAL_IN,TrayWallIR,0,null
287701.285,DIGITAL_IN,Hole5NP,0,null
288356.988,DIGITAL_IN,Hole5NP,-1,null
288636.861,DIGITAL_IN,Hole5NP,0,null
290260.126,DIGITAL_IN,Hole5NP,-1,null
290344.088,DIGITAL_IN,Hole5NP,0,null
292667.036,DIGITAL_IN,Hole6NP,-1,null
293122.829,DIGITAL_IN,Hole6NP,0,null
293251.771,DIGITAL_IN,ChoiceWallIR,-1,null
293483.666,DIGITAL_IN,Hole5NP,-1,null
293579.622,DIGITAL_IN,ChoiceWallIR,0,null
293699.568,DIGITAL_IN,Hole5NP,0,null
294219.332,DIGITAL_IN,Hole5NP,-1,null
294479.215,DIGITAL_IN,Hole5NP,0,null
294939.006,DIGITAL_IN,ChoiceWallIR,-1,null
295366.813,DIGITAL_IN,ChoiceWallIR,0,null
295782.625,DIGITAL_IN,ChoiceWallIR,-1,null
295802.615,DIGITAL_IN,ChoiceWallIR,0,null
296030.512,DIGITAL_IN,Hole5NP,-1,null
296186.442,DIGITAL_IN,Hole5NP,0,null
296234.42,DIGITAL_IN,Hole5NP,-1,null
296338.373,DIGITAL_IN,Hole5NP,0,null
296382.353,DIGITAL_IN,Hole5NP,-1,null
296418.337,DIGITAL_IN,Hole5NP,0,null
296466.315,DIGITAL_IN,Hole5NP,-1,null
296498.3,DIGITAL_IN,Hole5NP,0,null
296790.168,DIGITAL_IN,Hole5NP,-1,null
297533.831,DIGITAL_IN,Hole5NP,0,null
298125.563,DIGITAL_IN,Hole6NP,-1,null
298197.531,DIGITAL_IN,Hole6NP,0,null
298425.428,DIGITAL_IN,Hole5NP,-1,null
298461.411,DIGITAL_IN,Hole5NP,0,null
298469.408,DIGITAL_IN,Hole5NP,-1,null
298497.395,DIGITAL_IN,Hole5NP,0,null
299113.116,DIGITAL_IN,ChoiceWallIR,-1,null
302244.698,DIGITAL_IN,ChoiceWallIR,0,null
302308.669,DIGITAL_IN,ChoiceWallIR,-1,null
302324.662,DIGITAL_IN,ChoiceWallIR,0,null
305623.168,DIGITAL_IN,ChoiceWallIR,-1,null
309482.42,DIGITAL_IN,ChoiceWallIR,0,null
309802.275,DIGITAL_IN,TrayWallIR,-1,null
316860.078,DIGITAL_IN,TrayWallIR,0,null
316884.069,DIGITAL_IN,TrayWallIR,-1,null
316892.064,DIGITAL_IN,TrayWallIR,0,null
317247.903,DIGITAL_IN,TrayWallIR,-1,null
317287.885,DIGITAL_IN,TrayWallIR,0,null
317475.799,DIGITAL_IN,TrayWallIR,-1,null
319866.439,PROGRAMMATIC,PITimerEvent,-1,null
319866.439,ALWAYS,ITI,-1,null
322054.726,DIGITAL_IN,TrayWallIR,0,null
322274.626,DIGITAL_IN,ChoiceWallIR,-1,null
322774.4,DIGITAL_IN,Hole5NP,-1,null
322846.367,DIGITAL_IN,Hole5NP,0,null
323234.191,DIGITAL_IN,Hole5NP,-1,null
323270.175,DIGITAL_IN,Hole5NP,0,null
323502.07,DIGITAL_IN,TrayWallIR,-1,null
323514.065,DIGITAL_IN,TrayWallIR,0,null
323594.028,DIGITAL_IN,ChoiceWallIR,0,null
323657.999,DIGITAL_IN,TrayWallIR,-1,null
323725.969,DIGITAL_IN,TrayWallIR,0,null
323829.922,DIGITAL_IN,ChoiceWallIR,-1,null
328005.031,DIGITAL_IN,ChoiceWallIR,0,null
328912.62,DIGITAL_IN,TrayWallIR,-1,null
328940.607,DIGITAL_IN,TrayWallIR,0,null
329172.502,DIGITAL_IN,TrayWallIR,-1,null
329456.373,DIGITAL_IN,TrayWallIR,0,null
329552.33,DIGITAL_IN,TrayWallIR,-1,null
329596.31,DIGITAL_IN,TrayWallIR,0,null
333047.747,DIGITAL_IN,TrayWallIR,-1,null
334179.234,DIGITAL_IN,TrayWallIR,0,null
334219.216,DIGITAL_IN,TrayWallIR,-1,null
339866.439,PROGRAMMATIC,ITITimerEvent,-1,null
346185.439,PROGRAMMATIC,RandITITimerEvent,-1,null
346185.439,PROGRAMMATIC,FIEvent,-1,null
350805.705,DIGITAL_IN,TrayWallIR,0,null
351021.606,DIGITAL_IN,ChoiceWallIR,-1,null
351541.371,DIGITAL_IN,ChoiceWallIR,0,null
351573.356,DIGITAL_IN,Hole5NP,-1,null
351645.324,DIGITAL_IN,Hole5NP,0,null
351973.175,DIGITAL_IN,Hole5NP,-1,null
352046.142,DIGITAL_IN,Hole5NP,0,null
352601.89,DIGITAL_IN,Hole6NP,-1,null
352617.883,DIGITAL_IN,Hole6NP,0,null
352753.822,DIGITAL_IN,ChoiceWallIR,-1,null
352805.798,DIGITAL_IN,Hole5NP,-1,null
353005.708,DIGITAL_IN,TrayWallIR,-1,null
353005.708,DIGITAL_IN,Hole5NP,0,null
353341.555,DIGITAL_IN,TrayWallIR,0,null
353565.454,DIGITAL_IN,TrayWallIR,-1,null
353617.43,DIGITAL_IN,TrayWallIR,0,null
353869.316,DIGITAL_IN,TrayWallIR,-1,null
353897.304,DIGITAL_IN,TrayWallIR,0,null
353953.278,DIGITAL_IN,ChoiceWallIR,0,null
354117.204,DIGITAL_IN,ChoiceWallIR,-1,null
355888.402,DIGITAL_IN,ChoiceWallIR,0,null
355976.362,DIGITAL_IN,TrayWallIR,-1,null
361185.439,PROGRAMMATIC,FITimerEvent,-1,null
361974.645,DIGITAL_IN,TrayWallIR,0,null
361994.636,DIGITAL_IN,TrayWallIR,-1,null
361998.636,DIGITAL_IN,TrayWallIR,0,null
362166.559,DIGITAL_IN,ChoiceWallIR,-1,null
363981.736,DIGITAL_IN,ChoiceWallIR,0,null
364021.718,DIGITAL_IN,ChoiceWallIR,-1,null
365162.202,DIGITAL_IN,ChoiceWallIR,0,null
365346.119,DIGITAL_IN,ChoiceWallIR,-1,null
366285.693,DIGITAL_IN,ChoiceWallIR,0,null
367073.336,DIGITAL_IN,ChoiceWallIR,-1,null
367077.336,DIGITAL_IN,ChoiceWallIR,0,null
367349.211,DIGITAL_IN,ChoiceWallIR,-1,null
367437.171,DIGITAL_IN,ChoiceWallIR,0,null
367657.072,DIGITAL_IN,ChoiceWallIR,-1,null
367665.068,DIGITAL_IN,ChoiceWallIR,0,null
367701.052,DIGITAL_IN,ChoiceWallIR,-1,null
367717.045,DIGITAL_IN,ChoiceWallIR,0,null
367797.008,DIGITAL_IN,TrayWallIR,-1,null
370343.855,DIGITAL_IN,TrayWallIR,0,null
370595.741,DIGITAL_IN,TrayWallIR,-1,null
370635.723,DIGITAL_IN,TrayWallIR,0,null
370755.668,DIGITAL_IN,TrayWallIR,-1,null
371391.38,DIGITAL_IN,TrayWallIR,0,null
371507.328,DIGITAL_IN,TrayWallIR,-1,null
374399.018,DIGITAL_IN,TrayWallIR,0,null
374415.011,DIGITAL_IN,TrayWallIR,-1,null
375538.502,DIGITAL_IN,TrayWallIR,0,null
375546.499,DIGITAL_IN,TrayWallIR,-1,null
375558.493,DIGITAL_IN,TrayWallIR,0,null
375566.49,DIGITAL_IN,TrayWallIR,-1,null
375570.489,DIGITAL_IN,TrayWallIR,0,null
375666.444,DIGITAL_IN,TrayWallIR,-1,null
375702.428,DIGITAL_IN,TrayWallIR,0,null
375822.374,DIGITAL_IN,TrayWallIR,-1,null
375934.323,DIGITAL_IN,TrayWallIR,0,null
376218.194,DIGITAL_IN,ChoiceWallIR,-1,null
377285.711,DIGITAL_IN,Hole5NP,-1,null
377285.711,PROGRAMMATIC,Hole5Event,-1,null
377305.702,DIGITAL_IN,ChoiceWallIR,0,null
377397.66,DIGITAL_IN,Hole5NP,0,null
377673.535,DIGITAL_IN,ChoiceWallIR,-1,null
377865.449,DIGITAL_IN,ChoiceWallIR,0,null
377913.427,DIGITAL_IN,TrayWallIR,-1,null
378485.711,PROGRAMMATIC,FeederTimerEvent,-1,null
378485.711,ALWAYS,ITI,-1,null
386191.677,DIGITAL_IN,TrayWallIR,0,null
386219.665,DIGITAL_IN,TrayWallIR,-1,null
396727.905,DIGITAL_IN,TrayWallIR,0,null
396795.874,DIGITAL_IN,TrayWallIR,-1,null
398485.711,PROGRAMMATIC,ITITimerEvent,-1,null
400719.098,DIGITAL_IN,TrayWallIR,0,null
400727.095,DIGITAL_IN,TrayWallIR,-1,null
400739.089,DIGITAL_IN,TrayWallIR,0,null
400887.022,DIGITAL_IN,TrayWallIR,-1,null
400923.005,DIGITAL_IN,TrayWallIR,0,null
400986.976,DIGITAL_IN,ChoiceWallIR,-1,null
401442.77,DIGITAL_IN,TrayWallIR,-1,null
401462.761,DIGITAL_IN,TrayWallIR,0,null
401578.708,DIGITAL_IN,ChoiceWallIR,0,null
401866.578,DIGITAL_IN,Hole5NP,-1,null
401898.563,DIGITAL_IN,Hole5NP,0,null
402038.5,DIGITAL_IN,Hole5NP,-1,null
402839.711,PROGRAMMATIC,RandITITimerEvent,-1,null
402839.711,PROGRAMMATIC,FIEvent,-1,null
403165.989,DIGITAL_IN,Hole5NP,0,null
403173.986,DIGITAL_IN,ChoiceWallIR,-1,null
403449.861,DIGITAL_IN,ChoiceWallIR,0,null
403733.735,DIGITAL_IN,Hole5NP,-1,null
404362.448,DIGITAL_IN,Hole5NP,0,null
404370.444,DIGITAL_IN,ChoiceWallIR,-1,null
404518.377,DIGITAL_IN,ChoiceWallIR,0,null
404610.335,DIGITAL_IN,ChoiceWallIR,-1,null
404682.303,DIGITAL_IN,ChoiceWallIR,0,null
404782.257,DIGITAL_IN,ChoiceWallIR,-1,null
407620.972,DIGITAL_IN,ChoiceWallIR,0,null
407712.93,DIGITAL_IN,ChoiceWallIR,-1,null
409084.309,DIGITAL_IN,ChoiceWallIR,0,null
409252.233,DIGITAL_IN,TrayWallIR,-1,null
416769.828,DIGITAL_IN,TrayWallIR,0,null
416789.819,DIGITAL_IN,TrayWallIR,-1,null
416801.814,DIGITAL_IN,TrayWallIR,0,null
416909.765,DIGITAL_IN,ChoiceWallIR,-1,null
416989.729,DIGITAL_IN,ChoiceWallIR,0,null
417253.609,DIGITAL_IN,ChoiceWallIR,-1,null
417301.587,DIGITAL_IN,ChoiceWallIR,0,null
417346.567,DIGITAL_IN,ChoiceWallIR,-1,null
417362.56,DIGITAL_IN,ChoiceWallIR,0,null
417522.487,DIGITAL_IN,ChoiceWallIR,-1,null
417526.487,DIGITAL_IN,ChoiceWallIR,0,null
417714.4,DIGITAL_IN,Hole5NP,-1,null
417839.711,PROGRAMMATIC,FITimerEvent,-1,null
417958.29,DIGITAL_IN,Hole5NP,0,null
418741.935,DIGITAL_IN,Hole6NP,-1,null
418809.904,DIGITAL_IN,Hole6NP,0,null
418933.848,DIGITAL_IN,Hole6NP,-1,null
419185.734,DIGITAL_IN,Hole6NP,0,null
419217.719,DIGITAL_IN,Hole6NP,-1,null
419269.696,DIGITAL_IN,Hole6NP,0,null
419289.687,DIGITAL_IN,ChoiceWallIR,-1,null
419489.596,DIGITAL_IN,Hole5NP,-1,null
419489.596,PROGRAMMATIC,Hole5Event,-1,null
419625.535,DIGITAL_IN,Hole5NP,0,null
419681.509,DIGITAL_IN,ChoiceWallIR,0,null
420061.338,DIGITAL_IN,TrayWallIR,-1,null
420689.596,PROGRAMMATIC,FeederTimerEvent,-1,null
420689.596,ALWAYS,ITI,-1,null
431402.201,DIGITAL_IN,TrayWallIR,0,null
431578.121,DIGITAL_IN,TrayWallIR,-1,null
431586.118,DIGITAL_IN,TrayWallIR,0,null
431973.942,DIGITAL_IN,TrayWallIR,-1,null
432329.781,DIGITAL_IN,TrayWallIR,0,null
433353.317,DIGITAL_IN,TrayWallIR,-1,null
433357.317,DIGITAL_IN,TrayWallIR,0,null
433473.263,DIGITAL_IN,ChoiceWallIR,-1,null
434009.02,DIGITAL_IN,Hole6NP,-1,null
434037.008,DIGITAL_IN,TrayWallIR,-1,null
434049.002,DIGITAL_IN,TrayWallIR,0,null
434148.957,DIGITAL_IN,Hole6NP,0,null
434468.812,DIGITAL_IN,ChoiceWallIR,0,null
434580.761,DIGITAL_IN,Hole5NP,-1,null
434596.754,DIGITAL_IN,ChoiceWallIR,-1,null
434604.75,DIGITAL_IN,Hole5NP,0,null
434728.694,DIGITAL_IN,ChoiceWallIR,0,null
434792.665,DIGITAL_IN,Hole6NP,-1,null
435688.26,DIGITAL_IN,Hole6NP,0,null
435708.251,DIGITAL_IN,ChoiceWallIR,-1,null
435992.122,DIGITAL_IN,ChoiceWallIR,0,null
436543.872,DIGITAL_IN,ChoiceWallIR,-1,null
437628.381,DIGITAL_IN,Hole4NP,-1,null
437720.339,DIGITAL_IN,Hole4NP,0,null
437908.254,DIGITAL_IN,Hole5NP,-1,null
438004.211,DIGITAL_IN,Hole5NP,0,null
439775.409,DIGITAL_IN,ChoiceWallIR,0,null
440689.596,PROGRAMMATIC,ITITimerEvent,-1,null
442929.98,DIGITAL_IN,TrayWallIR,-1,null
446049.567,DIGITAL_IN,TrayWallIR,0,null
446489.368,DIGITAL_IN,TrayWallIR,-1,null
446653.294,DIGITAL_IN,TrayWallIR,0,null
446813.221,DIGITAL_IN,TrayWallIR,-1,null
446969.15,DIGITAL_IN,TrayWallIR,0,null
447061.109,DIGITAL_IN,TrayWallIR,-1,null
447173.058,DIGITAL_IN,TrayWallIR,0,null
447380.964,DIGITAL_IN,TrayWallIR,-1,null
447388.96,DIGITAL_IN,TrayWallIR,0,null
447688.825,DIGITAL_IN,TrayWallIR,-1,null
449052.596,PROGRAMMATIC,RandITITimerEvent,-1,null
449052.596,PROGRAMMATIC,FIEvent,-1,null
449555.979,DIGITAL_IN,TrayWallIR,0,null
449747.892,DIGITAL_IN,TrayWallIR,-1,null
449759.887,DIGITAL_IN,TrayWallIR,0,null
449795.87,DIGITAL_IN,TrayWallIR,-1,null
451416.136,DIGITAL_IN,TrayWallIR,0,null
451588.058,DIGITAL_IN,ChoiceWallIR,-1,null
452327.723,DIGITAL_IN,ChoiceWallIR,0,null
452519.637,DIGITAL_IN,Hole5NP,-1,null
452547.624,DIGITAL_IN,Hole5NP,0,null
452803.508,DIGITAL_IN,TrayWallIR,-1,null
452847.488,DIGITAL_IN,TrayWallIR,0,null
452907.461,DIGITAL_IN,TrayWallIR,-1,null
452931.45,DIGITAL_IN,TrayWallIR,0,null
452959.437,DIGITAL_IN,Hole5NP,-1,null
453103.372,DIGITAL_IN,Hole5NP,0,null
453115.367,DIGITAL_IN,TrayWallIR,-1,null
453127.361,DIGITAL_IN,TrayWallIR,0,null
453243.309,DIGITAL_IN,ChoiceWallIR,-1,null
453511.188,DIGITAL_IN,ChoiceWallIR,0,null
453607.144,DIGITAL_IN,TrayWallIR,-1,null
455658.215,DIGITAL_IN,TrayWallIR,0,null
455714.19,DIGITAL_IN,TrayWallIR,-1,null
455726.184,DIGITAL_IN,TrayWallIR,0,null
455818.143,DIGITAL_IN,ChoiceWallIR,-1,null
456269.938,DIGITAL_IN,ChoiceWallIR,0,null
456329.911,DIGITAL_IN,ChoiceWallIR,-1,null
456814.693,DIGITAL_IN,Hole5NP,-1,null
456978.617,DIGITAL_IN,Hole5NP,0,null
457250.494,DIGITAL_IN,Hole5NP,-1,null
457410.422,DIGITAL_IN,Hole5NP,0,null
458349.996,DIGITAL_IN,Hole5NP,-1,null
458445.953,DIGITAL_IN,Hole5NP,0,null
459501.474,DIGITAL_IN,Hole6NP,-1,null
459521.465,DIGITAL_IN,ChoiceWallIR,0,null
459573.442,DIGITAL_IN,Hole6NP,0,null
459725.373,DIGITAL_IN,Hole5NP,-1,null
459737.368,DIGITAL_IN,TrayWallIR,-1,null
459741.367,DIGITAL_IN,TrayWallIR,0,null
459929.281,DIGITAL_IN,Hole5NP,0,null
460461.04,DIGITAL_IN,Hole6NP,-1,null
460660.949,DIGITAL_IN,Hole6NP,0,null
460876.852,DIGITAL_IN,Hole5NP,-1,null
461108.747,DIGITAL_IN,Hole5NP,0,null
461676.489,DIGITAL_IN,Hole5NP,-1,null
461708.475,DIGITAL_IN,Hole5NP,0,null
461880.397,DIGITAL_IN,Hole6NP,-1,null
462336.191,DIGITAL_IN,ChoiceWallIR,-1,null
462360.18,DIGITAL_IN,Hole6NP,0,null
462540.098,DIGITAL_IN,ChoiceWallIR,0,null
463224.788,DIGITAL_IN,Hole5NP,-1,null
463388.714,DIGITAL_IN,Hole5NP,0,null
463512.658,DIGITAL_IN,ChoiceWallIR,-1,null
463940.464,DIGITAL_IN,TrayWallIR,-1,null
464008.433,DIGITAL_IN,TrayWallIR,0,null
464052.596,PROGRAMMATIC,FITimerEvent,-1,null
466579.269,DIGITAL_IN,ChoiceWallIR,0,null
466615.253,DIGITAL_IN,ChoiceWallIR,-1,null
466803.167,DIGITAL_IN,ChoiceWallIR,0,null
467059.052,DIGITAL_IN,TrayWallIR,-1,null
467870.684,DIGITAL_IN,TrayWallIR,0,null
467954.646,DIGITAL_IN,TrayWallIR,-1,null
468338.472,DIGITAL_IN,TrayWallIR,0,null
468378.454,DIGITAL_IN,TrayWallIR,-1,null
468430.43,DIGITAL_IN,TrayWallIR,0,null
468530.385,DIGITAL_IN,TrayWallIR,-1,null
468542.38,DIGITAL_IN,TrayWallIR,0,null
468574.365,DIGITAL_IN,TrayWallIR,-1,null
471182.184,DIGITAL_IN,TrayWallIR,0,null
471773.916,DIGITAL_IN,ChoiceWallIR,-1,null
472069.782,DIGITAL_IN,ChoiceWallIR,0,null
472129.755,DIGITAL_IN,Hole5NP,-1,null
472129.755,PROGRAMMATIC,Hole5Event,-1,null
472257.697,DIGITAL_IN,Hole5NP,0,null
472365.648,DIGITAL_IN,ChoiceWallIR,-1,null
472537.57,DIGITAL_IN,ChoiceWallIR,0,null
472721.487,DIGITAL_IN,TrayWallIR,-1,null
473329.755,PROGRAMMATIC,FeederTimerEvent,-1,null
473329.755,ALWAYS,ITI,-1,null
484406.195,DIGITAL_IN,TrayWallIR,0,null
484462.17,DIGITAL_IN,TrayWallIR,-1,null
484470.166,DIGITAL_IN,TrayWallIR,0,null
484718.054,DIGITAL_IN,ChoiceWallIR,-1,null
486321.328,DIGITAL_IN,Hole6NP,-1,null
486345.317,DIGITAL_IN,Hole6NP,0,null
486957.04,DIGITAL_IN,ChoiceWallIR,0,null
487128.962,DIGITAL_IN,ChoiceWallIR,-1,null
487752.679,DIGITAL_IN,ChoiceWallIR,0,null
487956.587,DIGITAL_IN,ChoiceWallIR,-1,null
493329.755,PROGRAMMATIC,ITITimerEvent,-1,null
499317.755,PROGRAMMATIC,RandITITimerEvent,-1,null
499317.755,PROGRAMMATIC,FIEvent,-1,null
504468.109,DIGITAL_IN,ChoiceWallIR,0,null
505743.531,DIGITAL_IN,TrayWallIR,-1,null
506091.373,DIGITAL_IN,TrayWallIR,0,null
506343.259,DIGITAL_IN,TrayWallIR,-1,null
509478.839,DIGITAL_IN,TrayWallIR,0,null
509718.731,DIGITAL_IN,ChoiceWallIR,-1,null
509882.656,DIGITAL_IN,ChoiceWallIR,0,null
510130.544,DIGITAL_IN,Hole5NP,-1,null
510370.435,DIGITAL_IN,Hole5NP,0,null
510750.263,DIGITAL_IN,Hole5NP,-1,null
511006.147,DIGITAL_IN,Hole5NP,0,null
511278.024,DIGITAL_IN,Hole5NP,-1,null
511689.838,DIGITAL_IN,Hole5NP,0,null
511989.702,DIGITAL_IN,ChoiceWallIR,-1,null
512185.613,DIGITAL_IN,ChoiceWallIR,0,null
512249.584,DIGITAL_IN,ChoiceWallIR,-1,null
513337.092,DIGITAL_IN,ChoiceWallIR,0,null
513485.025,DIGITAL_IN,ChoiceWallIR,-1,null
513525.007,DIGITAL_IN,ChoiceWallIR,0,null
514096.748,DIGITAL_IN,TrayWallIR,-1,null
514317.755,PROGRAMMATIC,FITimerEvent,-1,null
514992.342,DIGITAL_IN,TrayWallIR,0,null
515164.265,DIGITAL_IN,TrayWallIR,-1,null
516864.494,DIGITAL_IN,TrayWallIR,0,null
516904.476,DIGITAL_IN,TrayWallIR,-1,null
516912.472,DIGITAL_IN,TrayWallIR,0,null
517076.398,DIGITAL_IN,ChoiceWallIR,-1,null
517324.286,DIGITAL_IN,ChoiceWallIR,0,null
517596.163,DIGITAL_IN,Hole5NP,-1,null
517596.163,PROGRAMMATIC,Hole5Event,-1,null
517668.13,DIGITAL_IN,Hole5NP,0,null
517804.069,DIGITAL_IN,ChoiceWallIR,-1,null
517912.023,DIGITAL_IN,ChoiceWallIR,0,null
518219.88,DIGITAL_IN,TrayWallIR,-1,null
518796.163,PROGRAMMATIC,FeederTimerEvent,-1,null
518796.163,ALWAYS,ITI,-1,null
529024.987,DIGITAL_IN,TrayWallIR,0,null
529844.615,DIGITAL_IN,ChoiceWallIR,-1,null
531112.042,DIGITAL_IN,ChoiceWallIR,0,null
531251.978,DIGITAL_IN,ChoiceWallIR,-1,null
531303.954,DIGITAL_IN,ChoiceWallIR,0,null
531331.942,DIGITAL_IN,ChoiceWallIR,-1,null
531715.768,DIGITAL_IN,ChoiceWallIR,0,null
531799.73,DIGITAL_IN,Hole5NP,-1,null
531819.721,DIGITAL_IN,ChoiceWallIR,-1,null
531851.706,DIGITAL_IN,Hole5NP,0,null
532023.629,DIGITAL_IN,ChoiceWallIR,0,null
532215.541,DIGITAL_IN,ChoiceWallIR,-1,null
534106.685,DIGITAL_IN,TrayWallIR,-1,null
534114.681,DIGITAL_IN,TrayWallIR,0,null
534214.636,DIGITAL_IN,TrayWallIR,-1,null
534270.611,DIGITAL_IN,TrayWallIR,0,null
534310.593,DIGITAL_IN,TrayWallIR,-1,null
534346.576,DIGITAL_IN,TrayWallIR,0,null
534430.538,DIGITAL_IN,TrayWallIR,-1,null
534494.509,DIGITAL_IN,TrayWallIR,0,null
534546.486,DIGITAL_IN,TrayWallIR,-1,null
534702.415,DIGITAL_IN,TrayWallIR,0,null
534746.396,DIGITAL_IN,TrayWallIR,-1,null
534758.39,DIGITAL_IN,TrayWallIR,0,null
534782.379,DIGITAL_IN,TrayWallIR,-1,null
534870.339,DIGITAL_IN,TrayWallIR,0,null
534894.328,DIGITAL_IN,TrayWallIR,-1,null
534919.317,DIGITAL_IN,TrayWallIR,0,null
535786.924,DIGITAL_IN,TrayWallIR,-1,null
536230.723,DIGITAL_IN,TrayWallIR,0,null
536270.705,DIGITAL_IN,TrayWallIR,-1,null
536298.692,DIGITAL_IN,TrayWallIR,0,null
536950.397,DIGITAL_IN,ChoiceWallIR,0,null
537078.339,DIGITAL_IN,ChoiceWallIR,-1,null
537418.185,DIGITAL_IN,ChoiceWallIR,0,null
538796.163,PROGRAMMATIC,ITITimerEvent,-1,null
539277.343,DIGITAL_IN,ChoiceWallIR,-1,null
540192.928,DIGITAL_IN,Hole6NP,-1,null
540292.883,DIGITAL_IN,Hole6NP,0,null
540528.776,DIGITAL_IN,ChoiceWallIR,0,null
540644.724,DIGITAL_IN,Hole5NP,-1,null
540660.717,DIGITAL_IN,Hole5NP,0,null
540688.704,DIGITAL_IN,Hole5NP,-1,null
540708.695,DIGITAL_IN,Hole5NP,0,null
541525.325,DIGITAL_IN,ChoiceWallIR,-1,null
541533.321,DIGITAL_IN,ChoiceWallIR,0,null
541577.301,DIGITAL_IN,ChoiceWallIR,-1,null
541801.2,DIGITAL_IN,ChoiceWallIR,0,null
541986.163,PROGRAMMATIC,RandITITimerEvent,-1,null
541986.163,PROGRAMMATIC,PIEvent,-1,null
542448.907,DIGITAL_IN,ChoiceWallIR,-1,null
545375.581,DIGITAL_IN,ChoiceWallIR,0,null
546678.991,DIGITAL_IN,ChoiceWallIR,-1,null
546794.938,DIGITAL_IN,ChoiceWallIR,0,null
547158.774,DIGITAL_IN,Hole5NP,-1,null
547282.717,DIGITAL_IN,Hole5NP,0,null
548699.076,DIGITAL_IN,ChoiceWallIR,-1,null
548707.073,DIGITAL_IN,ChoiceWallIR,0,null
549102.893,DIGITAL_IN,ChoiceWallIR,-1,null
550542.241,DIGITAL_IN,ChoiceWallIR,0,null
550794.127,DIGITAL_IN,TrayWallIR,-1,null
552069.549,DIGITAL_IN,TrayWallIR,0,null
552185.497,DIGITAL_IN,TrayWallIR,-1,null
553041.109,DIGITAL_IN,TrayWallIR,0,null
553173.05,DIGITAL_IN,TrayWallIR,-1,null
555409.037,DIGITAL_IN,TrayWallIR,0,null
555520.986,DIGITAL_IN,TrayWallIR,-1,null
556516.535,DIGITAL_IN,TrayWallIR,0,null
556820.398,DIGITAL_IN,TrayWallIR,-1,null
557112.265,DIGITAL_IN,TrayWallIR,0,null
557200.226,DIGITAL_IN,TrayWallIR,-1,null
557212.22,DIGITAL_IN,TrayWallIR,0,null
557520.081,DIGITAL_IN,ChoiceWallIR,-1,null
557779.963,DIGITAL_IN,ChoiceWallIR,0,null
558035.847,DIGITAL_IN,Hole5NP,-1,null
558403.681,DIGITAL_IN,Hole5NP,0,null
558463.653,DIGITAL_IN,TrayWallIR,-1,null
558471.65,DIGITAL_IN,TrayWallIR,0,null
558791.505,DIGITAL_IN,TrayWallIR,-1,null
558819.492,DIGITAL_IN,TrayWallIR,0,null
558855.476,DIGITAL_IN,Hole5NP,-1,null
559075.376,DIGITAL_IN,Hole5NP,0,null
559379.239,DIGITAL_IN,ChoiceWallIR,-1,null
559783.056,DIGITAL_IN,TrayWallIR,-1,null
559819.04,DIGITAL_IN,TrayWallIR,0,null
560014.951,DIGITAL_IN,TrayWallIR,-1,null
560034.942,DIGITAL_IN,TrayWallIR,0,null
560134.897,DIGITAL_IN,Hole5NP,-1,null
560174.878,DIGITAL_IN,Hole5NP,0,null
560210.862,DIGITAL_IN,Hole5NP,-1,null
560398.777,DIGITAL_IN,ChoiceWallIR,0,null
560442.757,DIGITAL_IN,Hole5NP,0,null
561211.409,DIGITAL_IN,TrayWallIR,-1,null
561235.398,DIGITAL_IN,TrayWallIR,0,null
561311.364,DIGITAL_IN,ChoiceWallIR,-1,null
564078.111,DIGITAL_IN,ChoiceWallIR,0,null
564094.103,DIGITAL_IN,ChoiceWallIR,-1,null
564130.087,DIGITAL_IN,ChoiceWallIR,0,null
566804.876,DIGITAL_IN,TrayWallIR,-1,null
567308.647,DIGITAL_IN,TrayWallIR,0,null
567585.522,DIGITAL_IN,TrayWallIR,-1,null
568844.952,DIGITAL_IN,TrayWallIR,0,null
569008.877,DIGITAL_IN,ChoiceWallIR,-1,null
569468.669,DIGITAL_IN,ChoiceWallIR,0,null
569528.642,DIGITAL_IN,Hole5NP,-1,null
569552.631,DIGITAL_IN,ChoiceWallIR,-1,null
569652.586,DIGITAL_IN,Hole5NP,0,null
570220.329,DIGITAL_IN,Hole5NP,-1,null
570292.296,DIGITAL_IN,Hole5NP,0,null
570652.133,DIGITAL_IN,Hole5NP,-1,null
570744.091,DIGITAL_IN,Hole5NP,0,null
572907.112,DIGITAL_IN,ChoiceWallIR,0,null
573095.027,DIGITAL_IN,TrayWallIR,-1,null
573330.92,DIGITAL_IN,TrayWallIR,0,null
573974.628,DIGITAL_IN,ChoiceWallIR,-1,null
574347.459,DIGITAL_IN,ChoiceWallIR,0,null
575063.135,DIGITAL_IN,Hole5NP,-1,null
575251.05,DIGITAL_IN,Hole5NP,0,null
575410.978,DIGITAL_IN,TrayWallIR,-1,null
575450.96,DIGITAL_IN,TrayWallIR,0,null
575470.951,DIGITAL_IN,TrayWallIR,-1,null
575510.933,DIGITAL_IN,TrayWallIR,0,null
575618.885,DIGITAL_IN,Hole5NP,-1,null
575706.844,DIGITAL_IN,Hole5NP,0,null
576238.603,DIGITAL_IN,Hole5NP,-1,null
576470.498,DIGITAL_IN,Hole5NP,0,null
576946.283,DIGITAL_IN,ChoiceWallIR,-1,null
578173.726,DIGITAL_IN,ChoiceWallIR,0,null
578233.699,DIGITAL_IN,ChoiceWallIR,-1,null
578237.699,DIGITAL_IN,ChoiceWallIR,0,null
583440.341,DIGITAL_IN,TrayWallIR,-1,null
583444.341,DIGITAL_IN,TrayWallIR,0,null
584991.639,DIGITAL_IN,TrayWallIR,-1,null
586071.15,DIGITAL_IN,TrayWallIR,0,null
586291.05,DIGITAL_IN,ChoiceWallIR,-1,null
586343.027,DIGITAL_IN,ChoiceWallIR,0,null
586375.012,DIGITAL_IN,ChoiceWallIR,-1,null
586395.003,DIGITAL_IN,ChoiceWallIR,0,null
586422.99,DIGITAL_IN,ChoiceWallIR,-1,null
586566.925,DIGITAL_IN,ChoiceWallIR,0,null
586614.904,DIGITAL_IN,ChoiceWallIR,-1,null
586778.829,DIGITAL_IN,Hole5NP,-1,null
586926.762,DIGITAL_IN,Hole5NP,0,null
586986.163,PROGRAMMATIC,PITimerEvent,-1,null
586986.163,ALWAYS,ITI,-1,null
587371.561,DIGITAL_IN,Hole5NP,-1,null
587415.541,DIGITAL_IN,Hole5NP,0,null
587927.309,DIGITAL_IN,Hole5NP,-1,null
587987.282,DIGITAL_IN,ChoiceWallIR,0,null
588155.206,DIGITAL_IN,Hole5NP,0,null
588503.048,DIGITAL_IN,ChoiceWallIR,-1,null
589598.552,DIGITAL_IN,ChoiceWallIR,0,null
589754.481,DIGITAL_IN,ChoiceWallIR,-1,null
589758.481,DIGITAL_IN,ChoiceWallIR,0,null
589798.462,DIGITAL_IN,ChoiceWallIR,-1,null
589806.458,DIGITAL_IN,ChoiceWallIR,0,null
590418.181,DIGITAL_IN,TrayWallIR,-1,null
593009.007,DIGITAL_IN,TrayWallIR,0,null
593032.997,DIGITAL_IN,TrayWallIR,-1,null
593040.993,DIGITAL_IN,TrayWallIR,0,null
593608.736,DIGITAL_IN,ChoiceWallIR,-1,null
593624.729,DIGITAL_IN,ChoiceWallIR,0,null
593829.636,DIGITAL_IN,ChoiceWallIR,-1,null
593973.571,DIGITAL_IN,TrayWallIR,-1,null
594021.549,DIGITAL_IN,ChoiceWallIR,0,null
594077.524,DIGITAL_IN,TrayWallIR,0,null
594341.404,DIGITAL_IN,ChoiceWallIR,-1,null
594525.321,DIGITAL_IN,ChoiceWallIR,0,null
595308.966,DIGITAL_IN,Hole6NP,-1,null
595460.897,DIGITAL_IN,Hole6NP,0,null
595748.767,DIGITAL_IN,ChoiceWallIR,-1,null
596872.258,DIGITAL_IN,ChoiceWallIR,0,null
597244.089,DIGITAL_IN,ChoiceWallIR,-1,null
597511.968,DIGITAL_IN,ChoiceWallIR,0,null
597663.899,DIGITAL_IN,ChoiceWallIR,-1,null
598427.553,DIGITAL_IN,ChoiceWallIR,0,null
599103.247,DIGITAL_IN,ChoiceWallIR,-1,null
599994.844,DIGITAL_IN,ChoiceWallIR,0,null
600098.796,DIGITAL_IN,ChoiceWallIR,-1,null
600122.786,DIGITAL_IN,ChoiceWallIR,0,null
600150.773,DIGITAL_IN,ChoiceWallIR,-1,null
601059.361,DIGITAL_IN,ChoiceWallIR,0,null
601803.025,DIGITAL_IN,ChoiceWallIR,-1,null
601886.987,DIGITAL_IN,ChoiceWallIR,0,null
601914.974,DIGITAL_IN,ChoiceWallIR,-1,null
601926.968,DIGITAL_IN,ChoiceWallIR,0,null
602222.834,DIGITAL_IN,ChoiceWallIR,-1,null
602234.829,DIGITAL_IN,ChoiceWallIR,0,null
602738.601,DIGITAL_IN,ChoiceWallIR,-1,null
604981.585,DIGITAL_IN,ChoiceWallIR,0,null
604997.578,DIGITAL_IN,ChoiceWallIR,-1,null
605013.571,DIGITAL_IN,ChoiceWallIR,0,null
605101.531,DIGITAL_IN,ChoiceWallIR,-1,null
605925.158,DIGITAL_IN,ChoiceWallIR,0,null
606157.053,DIGITAL_IN,ChoiceWallIR,-1,null
606173.045,DIGITAL_IN,ChoiceWallIR,0,null
606628.839,DIGITAL_IN,TrayWallIR,-1,null
606986.163,PROGRAMMATIC,ITITimerEvent,-1,null
608037.201,DIGITAL_IN,TrayWallIR,0,null
608425.025,DIGITAL_IN,ChoiceWallIR,-1,null
608748.879,DIGITAL_IN,ChoiceWallIR,0,null
608788.861,DIGITAL_IN,ChoiceWallIR,-1,null
609120.71,DIGITAL_IN,TrayWallIR,-1,null
609136.703,DIGITAL_IN,TrayWallIR,0,null
609204.672,DIGITAL_IN,TrayWallIR,-1,null
609228.661,DIGITAL_IN,ChoiceWallIR,0,null
609240.656,DIGITAL_IN,TrayWallIR,0,null
609568.507,DIGITAL_IN,ChoiceWallIR,-1,null
610060.285,DIGITAL_IN,ChoiceWallIR,0,null
610156.241,DIGITAL_IN,ChoiceWallIR,-1,null
610176.232,DIGITAL_IN,ChoiceWallIR,0,null
610236.205,DIGITAL_IN,ChoiceWallIR,-1,null
610593.163,PROGRAMMATIC,RandITITimerEvent,-1,null
610593.163,PROGRAMMATIC,FIEvent,-1,null
611783.504,DIGITAL_IN,ChoiceWallIR,0,null
611811.492,DIGITAL_IN,ChoiceWallIR,-1,null
611995.408,DIGITAL_IN,ChoiceWallIR,0,null
612703.088,DIGITAL_IN,ChoiceWallIR,-1,null
613186.869,DIGITAL_IN,Hole5NP,-1,null
613595.683,DIGITAL_IN,Hole5NP,0,null
615103.001,DIGITAL_IN,ChoiceWallIR,0,null
615114.995,DIGITAL_IN,ChoiceWallIR,-1,null
615574.787,DIGITAL_IN,Hole5NP,-1,null
615806.682,DIGITAL_IN,Hole5NP,0,null
616238.487,DIGITAL_IN,ChoiceWallIR,0,null
616462.385,DIGITAL_IN,ChoiceWallIR,-1,null
617465.931,DIGITAL_IN,ChoiceWallIR,0,null
617541.896,DIGITAL_IN,ChoiceWallIR,-1,null
619349.078,DIGITAL_IN,ChoiceWallIR,0,null
620261.664,DIGITAL_IN,ChoiceWallIR,-1,null
623172.346,DIGITAL_IN,ChoiceWallIR,0,null
623472.21,DIGITAL_IN,ChoiceWallIR,-1,null
623880.026,DIGITAL_IN,ChoiceWallIR,0,null
625593.163,PROGRAMMATIC,FITimerEvent,-1,null
625827.144,DIGITAL_IN,ChoiceWallIR,-1,null
627247.5,DIGITAL_IN,Hole5NP,-1,null
627247.5,PROGRAMMATIC,Hole5Event,-1,null
627263.493,DIGITAL_IN,Hole5NP,0,null
627439.414,DIGITAL_IN,ChoiceWallIR,0,null
627511.381,DIGITAL_IN,ChoiceWallIR,-1,null
627659.314,DIGITAL_IN,ChoiceWallIR,0,null
627823.241,DIGITAL_IN,TrayWallIR,-1,null
628447.5,PROGRAMMATIC,FeederTimerEvent,-1,null
628447.5,ALWAYS,ITI,-1,null
636164.462,DIGITAL_IN,TrayWallIR,0,null
636260.418,DIGITAL_IN,TrayWallIR,-1,null
636328.388,DIGITAL_IN,TrayWallIR,0,null
636744.199,DIGITAL_IN,TrayWallIR,-1,null
636764.19,DIGITAL_IN,TrayWallIR,0,null
636780.183,DIGITAL_IN,TrayWallIR,-1,null
637275.958,DIGITAL_IN,TrayWallIR,0,null
637455.877,DIGITAL_IN,TrayWallIR,-1,null
639539.933,DIGITAL_IN,TrayWallIR,0,null
640039.707,DIGITAL_IN,ChoiceWallIR,-1,null
640091.683,DIGITAL_IN,ChoiceWallIR,0,null
640543.479,DIGITAL_IN,ChoiceWallIR,-1,null
640687.413,DIGITAL_IN,ChoiceWallIR,0,null
640803.361,DIGITAL_IN,ChoiceWallIR,-1,null
641511.04,DIGITAL_IN,TrayWallIR,-1,null
641531.031,DIGITAL_IN,ChoiceWallIR,0,null
641531.031,DIGITAL_IN,TrayWallIR,0,null
642902.41,DIGITAL_IN,ChoiceWallIR,-1,null
645765.114,DIGITAL_IN,ChoiceWallIR,0,null
647297.42,DIGITAL_IN,ChoiceWallIR,-1,null
647753.213,DIGITAL_IN,ChoiceWallIR,0,null
647945.126,DIGITAL_IN,ChoiceWallIR,-1,null
648447.5,PROGRAMMATIC,ITITimerEvent,-1,null
648564.846,DIGITAL_IN,ChoiceWallIR,0,null
654163.5,PROGRAMMATIC,RandITITimerEvent,-1,null
654163.5,PROGRAMMATIC,FIEvent,-1,null
656394.3,DIGITAL_IN,ChoiceWallIR,-1,null
656602.205,DIGITAL_IN,ChoiceWallIR,0,null
657473.811,DIGITAL_IN,TrayWallIR,-1,null
657501.798,DIGITAL_IN,TrayWallIR,0,null
658473.358,DIGITAL_IN,TrayWallIR,-1,null
660753.325,DIGITAL_IN,TrayWallIR,0,null
660785.311,DIGITAL_IN,TrayWallIR,-1,null
660793.307,DIGITAL_IN,TrayWallIR,0,null
660865.275,DIGITAL_IN,ChoiceWallIR,-1,null
661401.032,DIGITAL_IN,ChoiceWallIR,0,null
661668.911,DIGITAL_IN,Hole5NP,-1,null
661876.816,DIGITAL_IN,ChoiceWallIR,-1,null
661892.809,DIGITAL_IN,Hole5NP,0,null
662340.606,DIGITAL_IN,Hole5NP,-1,null
662620.48,DIGITAL_IN,Hole5NP,0,null
663795.947,DIGITAL_IN,ChoiceWallIR,0,null
663915.893,DIGITAL_IN,ChoiceWallIR,-1,null
663927.888,DIGITAL_IN,ChoiceWallIR,0,null
664603.581,DIGITAL_IN,ChoiceWallIR,-1,null
665764.056,DIGITAL_IN,ChoiceWallIR,0,null
666547.701,DIGITAL_IN,TrayWallIR,-1,null
666607.674,DIGITAL_IN,TrayWallIR,0,null
666735.616,DIGITAL_IN,TrayWallIR,-1,null
667783.141,DIGITAL_IN,TrayWallIR,0,null
668114.991,DIGITAL_IN,ChoiceWallIR,-1,null
668122.988,DIGITAL_IN,ChoiceWallIR,0,null
668210.948,DIGITAL_IN,ChoiceWallIR,-1,null
668222.942,DIGITAL_IN,ChoiceWallIR,0,null
668310.903,DIGITAL_IN,ChoiceWallIR,-1,null
668406.859,DIGITAL_IN,ChoiceWallIR,0,null
668494.819,DIGITAL_IN,Hole5NP,-1,null
668694.729,DIGITAL_IN,Hole5NP,0,null
668982.598,DIGITAL_IN,Hole5NP,-1,null
669070.558,DIGITAL_IN,TrayWallIR,-1,null
669094.548,DIGITAL_IN,TrayWallIR,0,null
669163.5,PROGRAMMATIC,FITimerEvent,-1,null
669386.416,DIGITAL_IN,Hole5NP,0,null
669486.37,DIGITAL_IN,ChoiceWallIR,-1,null
670369.97,DIGITAL_IN,Hole5NP,-1,null
670369.97,PROGRAMMATIC,Hole5Event,-1,null
670385.963,DIGITAL_IN,ChoiceWallIR,0,null
670513.905,DIGITAL_IN,Hole5NP,0,null
670593.869,DIGITAL_IN,ChoiceWallIR,-1,null
670793.778,DIGITAL_IN,ChoiceWallIR,0,null
670969.698,DIGITAL_IN,TrayWallIR,-1,null
671569.97,PROGRAMMATIC,FeederTimerEvent,-1,null
671569.97,ALWAYS,ITI,-1,null
691569.97,PROGRAMMATIC,ITITimerEvent,-1,null
696974.97,PROGRAMMATIC,RandITITimerEvent,-1,null
696974.97,PROGRAMMATIC,FIEvent,-1,null
698622.174,DIGITAL_IN,TrayWallIR,0,null
698678.149,DIGITAL_IN,TrayWallIR,-1,null
698734.123,DIGITAL_IN,TrayWallIR,0,null
698834.078,DIGITAL_IN,TrayWallIR,-1,null
698878.058,DIGITAL_IN,TrayWallIR,0,null
698990.008,DIGITAL_IN,TrayWallIR,-1,null
699213.906,DIGITAL_IN,TrayWallIR,0,null
699269.881,DIGITAL_IN,TrayWallIR,-1,null
699321.857,DIGITAL_IN,TrayWallIR,0,null
699417.814,DIGITAL_IN,TrayWallIR,-1,null
699521.767,DIGITAL_IN,TrayWallIR,0,null
699533.761,DIGITAL_IN,TrayWallIR,-1,null
699765.656,DIGITAL_IN,TrayWallIR,0,null
699777.651,DIGITAL_IN,TrayWallIR,-1,null
699877.606,DIGITAL_IN,TrayWallIR,0,null
699885.602,DIGITAL_IN,TrayWallIR,-1,null
700225.448,DIGITAL_IN,TrayWallIR,0,null
700261.432,DIGITAL_IN,TrayWallIR,-1,null
700401.368,DIGITAL_IN,TrayWallIR,0,null
700445.348,DIGITAL_IN,TrayWallIR,-1,null
700597.28,DIGITAL_IN,TrayWallIR,0,null
700617.271,DIGITAL_IN,TrayWallIR,-1,null
701988.649,DIGITAL_IN,TrayWallIR,0,null
702032.629,DIGITAL_IN,TrayWallIR,-1,null
702040.626,DIGITAL_IN,TrayWallIR,0,null
704727.409,DIGITAL_IN,TrayWallIR,-1,null
704776.387,DIGITAL_IN,TrayWallIR,0,null
704912.325,DIGITAL_IN,TrayWallIR,-1,null
704956.306,DIGITAL_IN,TrayWallIR,0,null
705088.246,DIGITAL_IN,TrayWallIR,-1,null
705156.215,DIGITAL_IN,TrayWallIR,0,null
705216.188,DIGITAL_IN,TrayWallIR,-1,null
705308.146,DIGITAL_IN,TrayWallIR,0,null
705376.115,DIGITAL_IN,TrayWallIR,-1,null
705448.083,DIGITAL_IN,TrayWallIR,0,null
705528.046,DIGITAL_IN,TrayWallIR,-1,null
705631.999,DIGITAL_IN,TrayWallIR,0,null
705663.985,DIGITAL_IN,TrayWallIR,-1,null
705955.853,DIGITAL_IN,TrayWallIR,0,null
706055.807,DIGITAL_IN,TrayWallIR,-1,null
706091.791,DIGITAL_IN,TrayWallIR,0,null
707367.213,DIGITAL_IN,TrayWallIR,-1,null
708834.549,DIGITAL_IN,TrayWallIR,0,null
709474.259,DIGITAL_IN,TrayWallIR,-1,null
709754.132,DIGITAL_IN,TrayWallIR,0,null
709814.105,DIGITAL_IN,TrayWallIR,-1,null
709870.08,DIGITAL_IN,TrayWallIR,0,null
711025.556,DIGITAL_IN,ChoiceWallIR,-1,null
711097.524,DIGITAL_IN,ChoiceWallIR,0,null
711157.497,DIGITAL_IN,ChoiceWallIR,-1,null
711974.97,PROGRAMMATIC,FITimerEvent,-1,null
712094.073,DIGITAL_IN,Hole5NP,-1,null
712094.073,PROGRAMMATIC,Hole5Event,-1,null
712250.002,DIGITAL_IN,Hole5NP,0,null
712597.844,DIGITAL_IN,ChoiceWallIR,0,null
712861.725,DIGITAL_IN,TrayWallIR,-1,null
713294.073,PROGRAMMATIC,FeederTimerEvent,-1,null
713294.073,ALWAYS,ITI,-1,null
722754.244,DIGITAL_IN,TrayWallIR,0,null
722918.17,DIGITAL_IN,TrayWallIR,-1,null
722926.167,DIGITAL_IN,TrayWallIR,0,null
723106.085,DIGITAL_IN,TrayWallIR,-1,null
723122.078,DIGITAL_IN,TrayWallIR,0,null
725066.197,DIGITAL_IN,TrayWallIR,-1,null
725426.034,DIGITAL_IN,TrayWallIR,0,null
725789.87,DIGITAL_IN,TrayWallIR,-1,null
727229.218,DIGITAL_IN,TrayWallIR,0,null
727988.874,DIGITAL_IN,ChoiceWallIR,-1,null
728168.792,DIGITAL_IN,ChoiceWallIR,0,null
728204.776,DIGITAL_IN,ChoiceWallIR,-1,null
732347.899,DIGITAL_IN,ChoiceWallIR,0,null
732375.887,DIGITAL_IN,ChoiceWallIR,-1,null
733294.073,PROGRAMMATIC,ITITimerEvent,-1,null
733519.369,DIGITAL_IN,ChoiceWallIR,0,null
733927.184,DIGITAL_IN,ChoiceWallIR,-1,null
734003.15,DIGITAL_IN,ChoiceWallIR,0,null
735134.637,DIGITAL_IN,TrayWallIR,-1,null
735162.625,DIGITAL_IN,TrayWallIR,0,null
736384.073,PROGRAMMATIC,RandITITimerEvent,-1,null
736384.073,PROGRAMMATIC,FIEvent,-1,null
736538.002,DIGITAL_IN,TrayWallIR,-1,null
736542.001,DIGITAL_IN,TrayWallIR,0,null
737253.678,DIGITAL_IN,TrayWallIR,-1,null
739093.844,DIGITAL_IN,TrayWallIR,0,null
739689.574,DIGITAL_IN,ChoiceWallIR,-1,null
740049.411,DIGITAL_IN,ChoiceWallIR,0,null
740417.245,DIGITAL_IN,Hole5NP,-1,null
740505.205,DIGITAL_IN,Hole5NP,0,null
741128.922,DIGITAL_IN,Hole5NP,-1,null
741296.846,DIGITAL_IN,Hole5NP,0,null
741940.555,DIGITAL_IN,Hole5NP,-1,null
742144.462,DIGITAL_IN,Hole5NP,0,null
743415.887,DIGITAL_IN,Hole5NP,-1,null
743543.829,DIGITAL_IN,Hole5NP,0,null
743719.749,DIGITAL_IN,ChoiceWallIR,-1,null
743935.651,DIGITAL_IN,TrayWallIR,-1,null
743943.648,DIGITAL_IN,TrayWallIR,0,null
745060.142,DIGITAL_IN,ChoiceWallIR,0,null
745679.861,DIGITAL_IN,ChoiceWallIR,-1,null
746283.588,DIGITAL_IN,ChoiceWallIR,0,null
746427.523,DIGITAL_IN,Hole6NP,-1,null
746447.514,DIGITAL_IN,Hole6NP,0,null
746679.408,DIGITAL_IN,Hole5NP,-1,null
746763.371,DIGITAL_IN,ChoiceWallIR,-1,null
746843.334,DIGITAL_IN,Hole5NP,0,null
746911.303,DIGITAL_IN,ChoiceWallIR,0,null
747203.171,DIGITAL_IN,Hole5NP,-1,null
747415.075,DIGITAL_IN,Hole5NP,0,null
747590.996,DIGITAL_IN,ChoiceWallIR,-1,null
749474.143,DIGITAL_IN,ChoiceWallIR,0,null
749626.074,DIGITAL_IN,ChoiceWallIR,-1,null
749638.068,DIGITAL_IN,ChoiceWallIR,0,null
749921.94,DIGITAL_IN,TrayWallIR,-1,null
750345.748,DIGITAL_IN,TrayWallIR,0,null
750794.545,DIGITAL_IN,ChoiceWallIR,-1,null
750934.481,DIGITAL_IN,ChoiceWallIR,0,null
751014.445,DIGITAL_IN,ChoiceWallIR,-1,null
751078.416,DIGITAL_IN,ChoiceWallIR,0,null
751366.286,DIGITAL_IN,Hole5NP,-1,null
751384.073,PROGRAMMATIC,FITimerEvent,-1,null
751398.271,DIGITAL_IN,Hole5NP,0,null
751706.132,DIGITAL_IN,Hole5NP,-1,null
751706.132,PROGRAMMATIC,Hole5Event,-1,null
751854.065,DIGITAL_IN,Hole5NP,0,null
752013.992,DIGITAL_IN,ChoiceWallIR,-1,null
752229.895,DIGITAL_IN,ChoiceWallIR,0,null
752281.871,DIGITAL_IN,TrayWallIR,-1,null
752906.132,PROGRAMMATIC,FeederTimerEvent,-1,null
752906.132,ALWAYS,ITI,-1,null
767496.98,DIGITAL_IN,TrayWallIR,0,null
767640.915,DIGITAL_IN,TrayWallIR,-1,null
767696.889,DIGITAL_IN,TrayWallIR,0,null
767732.873,DIGITAL_IN,TrayWallIR,-1,null
770444.645,DIGITAL_IN,TrayWallIR,0,null
770868.453,DIGITAL_IN,TrayWallIR,-1,null
770872.453,DIGITAL_IN,TrayWallIR,0,null
770944.419,DIGITAL_IN,ChoiceWallIR,-1,null
771056.368,DIGITAL_IN,TrayWallIR,-1,null
771068.362,DIGITAL_IN,TrayWallIR,0,null
771927.973,DIGITAL_IN,Hole5NP,-1,null
772179.859,DIGITAL_IN,Hole5NP,0,null
772691.627,DIGITAL_IN,Hole6NP,-1,null
772787.584,DIGITAL_IN,Hole6NP,0,null
772906.132,PROGRAMMATIC,ITITimerEvent,-1,null
772955.508,DIGITAL_IN,Hole5NP,-1,null
773083.45,DIGITAL_IN,Hole5NP,0,null
774007.032,DIGITAL_IN,ChoiceWallIR,0,null
774035.019,DIGITAL_IN,ChoiceWallIR,-1,null
774075.001,DIGITAL_IN,ChoiceWallIR,0,null
774162.961,DIGITAL_IN,ChoiceWallIR,-1,null
774694.72,DIGITAL_IN,ChoiceWallIR,0,null
774754.693,DIGITAL_IN,ChoiceWallIR,-1,null
774762.689,DIGITAL_IN,ChoiceWallIR,0,null
777162.602,DIGITAL_IN,ChoiceWallIR,-1,null
777266.555,DIGITAL_IN,ChoiceWallIR,0,null
777334.524,DIGITAL_IN,ChoiceWallIR,-1,null
777358.514,DIGITAL_IN,ChoiceWallIR,0,null
777498.45,DIGITAL_IN,ChoiceWallIR,-1,null
779805.405,DIGITAL_IN,ChoiceWallIR,0,null
779821.398,DIGITAL_IN,ChoiceWallIR,-1,null
779829.395,DIGITAL_IN,ChoiceWallIR,0,null
780681.009,DIGITAL_IN,TrayWallIR,-1,null
780697.002,DIGITAL_IN,TrayWallIR,0,null
782072.379,DIGITAL_IN,TrayWallIR,-1,null
782137.132,PROGRAMMATIC,RandITITimerEvent,-1,null
782137.132,PROGRAMMATIC,PIEvent,-1,null
782544.165,DIGITAL_IN,TrayWallIR,0,null
785351.893,DIGITAL_IN,TrayWallIR,-1,null
785359.89,DIGITAL_IN,TrayWallIR,0,null
786039.582,DIGITAL_IN,ChoiceWallIR,-1,null
786047.578,DIGITAL_IN,ChoiceWallIR,0,null
786127.542,DIGITAL_IN,ChoiceWallIR,-1,null
786151.531,DIGITAL_IN,ChoiceWallIR,0,null
787155.077,DIGITAL_IN,Hole6NP,-1,null
787247.035,DIGITAL_IN,Hole6NP,0,null
787654.85,DIGITAL_IN,Hole5NP,-1,null
787734.814,DIGITAL_IN,Hole5NP,0,null
788450.49,DIGITAL_IN,ChoiceWallIR,-1,null
788454.49,DIGITAL_IN,ChoiceWallIR,0,null
788462.485,DIGITAL_IN,ChoiceWallIR,-1,null
788466.484,DIGITAL_IN,ChoiceWallIR,0,null
788890.291,DIGITAL_IN,ChoiceWallIR,-1,null
789094.198,DIGITAL_IN,TrayWallIR,-1,null
789702.923,DIGITAL_IN,TrayWallIR,0,null
789994.79,DIGITAL_IN,ChoiceWallIR,0,null
790006.785,DIGITAL_IN,Hole6NP,-1,null
790278.662,DIGITAL_IN,Hole6NP,0,null
790394.609,DIGITAL_IN,TrayWallIR,-1,null
790418.598,DIGITAL_IN,Hole5NP,-1,null
790426.595,DIGITAL_IN,TrayWallIR,0,null
790690.475,DIGITAL_IN,Hole5NP,0,null
791034.32,DIGITAL_IN,Hole5NP,-1,null
791214.238,DIGITAL_IN,Hole5NP,0,null
792253.767,DIGITAL_IN,ChoiceWallIR,-1,null
792521.646,DIGITAL_IN,TrayWallIR,-1,null
792533.641,DIGITAL_IN,TrayWallIR,0,null
793737.096,DIGITAL_IN,ChoiceWallIR,0,null
793817.059,DIGITAL_IN,ChoiceWallIR,-1,null
794340.822,DIGITAL_IN,ChoiceWallIR,0,null
794356.815,DIGITAL_IN,ChoiceWallIR,-1,null
794380.804,DIGITAL_IN,ChoiceWallIR,0,null
794696.661,DIGITAL_IN,TrayWallIR,-1,null
795120.469,DIGITAL_IN,TrayWallIR,0,null
795224.422,DIGITAL_IN,TrayWallIR,-1,null
795796.163,DIGITAL_IN,TrayWallIR,0,null
795968.085,DIGITAL_IN,TrayWallIR,-1,null
795988.076,DIGITAL_IN,TrayWallIR,0,null
798172.087,DIGITAL_IN,TrayWallIR,-1,null
798232.06,DIGITAL_IN,TrayWallIR,0,null
798308.025,DIGITAL_IN,TrayWallIR,-1,null
798587.899,DIGITAL_IN,TrayWallIR,0,null
798959.73,DIGITAL_IN,ChoiceWallIR,-1,null
798983.719,DIGITAL_IN,ChoiceWallIR,0,null
799083.674,DIGITAL_IN,ChoiceWallIR,-1,null
799115.659,DIGITAL_IN,ChoiceWallIR,0,null
799191.625,DIGITAL_IN,ChoiceWallIR,-1,null
799311.571,DIGITAL_IN,ChoiceWallIR,0,null
799371.544,DIGITAL_IN,Hole5NP,-1,null
799671.408,DIGITAL_IN,Hole5NP,0,null
799955.279,DIGITAL_IN,Hole5NP,-1,null
800027.247,DIGITAL_IN,Hole5NP,0,null
800582.995,DIGITAL_IN,Hole5NP,-1,null
800882.859,DIGITAL_IN,Hole5NP,0,null
801146.74,DIGITAL_IN,ChoiceWallIR,-1,null
801410.62,DIGITAL_IN,ChoiceWallIR,0,null
801526.568,DIGITAL_IN,Hole4NP,-1,null
801998.354,DIGITAL_IN,ChoiceWallIR,-1,null
802038.336,DIGITAL_IN,Hole4NP,0,null
802318.209,DIGITAL_IN,ChoiceWallIR,0,null
802342.2,DIGITAL_IN,Hole5NP,-1,null
802562.099,DIGITAL_IN,Hole5NP,0,null
803038.883,DIGITAL_IN,ChoiceWallIR,-1,null
803094.858,DIGITAL_IN,ChoiceWallIR,0,null
803278.774,DIGITAL_IN,ChoiceWallIR,-1,null
805285.865,DIGITAL_IN,Hole5NP,-1,null
805333.843,DIGITAL_IN,Hole5NP,0,null
805493.771,DIGITAL_IN,ChoiceWallIR,0,null
805665.693,DIGITAL_IN,ChoiceWallIR,-1,null
805765.648,DIGITAL_IN,ChoiceWallIR,0,null
806133.481,DIGITAL_IN,TrayWallIR,-1,null
806613.264,DIGITAL_IN,TrayWallIR,0,null
806873.146,DIGITAL_IN,TrayWallIR,-1,null
806905.132,DIGITAL_IN,TrayWallIR,0,null
809896.777,DIGITAL_IN,TrayWallIR,-1,null
809976.74,DIGITAL_IN,TrayWallIR,0,null
810268.608,DIGITAL_IN,TrayWallIR,-1,null
810544.483,DIGITAL_IN,TrayWallIR,0,null
813251.257,DIGITAL_IN,TrayWallIR,-1,null
813255.258,DIGITAL_IN,TrayWallIR,0,null
813283.243,DIGITAL_IN,TrayWallIR,-1,null
813287.243,DIGITAL_IN,TrayWallIR,0,null
813467.16,DIGITAL_IN,TrayWallIR,-1,null
814606.644,DIGITAL_IN,TrayWallIR,0,null
815606.191,DIGITAL_IN,TrayWallIR,-1,null
817694.245,DIGITAL_IN,TrayWallIR,0,null
817762.214,DIGITAL_IN,TrayWallIR,-1,null
817794.2,DIGITAL_IN,TrayWallIR,0,null
817834.182,DIGITAL_IN,TrayWallIR,-1,null
818018.098,DIGITAL_IN,TrayWallIR,0,null
818589.839,DIGITAL_IN,TrayWallIR,-1,null
818609.83,DIGITAL_IN,TrayWallIR,0,null
818617.827,DIGITAL_IN,TrayWallIR,-1,null
820217.102,DIGITAL_IN,TrayWallIR,0,null
820333.05,DIGITAL_IN,TrayWallIR,-1,null
820341.046,DIGITAL_IN,TrayWallIR,0,null
822633.008,DIGITAL_IN,TrayWallIR,-1,null
822637.008,DIGITAL_IN,TrayWallIR,0,null
823604.568,DIGITAL_IN,TrayWallIR,-1,null
823616.563,DIGITAL_IN,TrayWallIR,0,null
824696.074,DIGITAL_IN,TrayWallIR,-1,null
824700.074,DIGITAL_IN,TrayWallIR,0,null
824732.058,DIGITAL_IN,TrayWallIR,-1,null
826331.333,DIGITAL_IN,TrayWallIR,0,null
827078.995,DIGITAL_IN,ChoiceWallIR,-1,null
827137.132,PROGRAMMATIC,PITimerEvent,-1,null
827137.132,ALWAYS,ITI,-1,null
827482.812,DIGITAL_IN,ChoiceWallIR,0,null
827550.781,DIGITAL_IN,Hole5NP,-1,null
827730.7,DIGITAL_IN,ChoiceWallIR,-1,null
827834.652,DIGITAL_IN,Hole5NP,0,null
828146.511,DIGITAL_IN,Hole5NP,-1,null
828174.498,DIGITAL_IN,ChoiceWallIR,0,null
828218.479,DIGITAL_IN,Hole5NP,0,null
828442.377,DIGITAL_IN,Hole5NP,-1,null
828498.352,DIGITAL_IN,Hole5NP,0,null
828979.134,DIGITAL_IN,ChoiceWallIR,-1,null
829314.982,DIGITAL_IN,TrayWallIR,-1,null
829334.973,DIGITAL_IN,ChoiceWallIR,0,null
829366.958,DIGITAL_IN,TrayWallIR,0,null
829410.938,DIGITAL_IN,TrayWallIR,-1,null
829426.931,DIGITAL_IN,TrayWallIR,0,null
829470.911,DIGITAL_IN,ChoiceWallIR,-1,null
829478.908,DIGITAL_IN,ChoiceWallIR,0,null
830998.22,DIGITAL_IN,TrayWallIR,-1,null
831010.214,DIGITAL_IN,TrayWallIR,0,null
831250.105,DIGITAL_IN,TrayWallIR,-1,null
832745.428,DIGITAL_IN,TrayWallIR,0,null
832829.39,DIGITAL_IN,TrayWallIR,-1,null
832849.381,DIGITAL_IN,TrayWallIR,0,null
833153.244,DIGITAL_IN,TrayWallIR,-1,null
833161.24,DIGITAL_IN,TrayWallIR,0,null
833265.193,DIGITAL_IN,TrayWallIR,-1,null
833289.182,DIGITAL_IN,TrayWallIR,0,null
833349.155,DIGITAL_IN,TrayWallIR,-1,null
833872.918,DIGITAL_IN,TrayWallIR,0,null
834900.453,DIGITAL_IN,TrayWallIR,-1,null
838467.837,DIGITAL_IN,TrayWallIR,0,null
840890.739,DIGITAL_IN,ChoiceWallIR,-1,null
841354.529,DIGITAL_IN,TrayWallIR,-1,null
841362.526,DIGITAL_IN,TrayWallIR,0,null
841810.323,DIGITAL_IN,ChoiceWallIR,0,null
842886.835,DIGITAL_IN,ChoiceWallIR,-1,null
842978.793,DIGITAL_IN,ChoiceWallIR,0,null
842994.786,DIGITAL_IN,ChoiceWallIR,-1,null
843138.721,DIGITAL_IN,ChoiceWallIR,0,null
843222.683,DIGITAL_IN,ChoiceWallIR,-1,null
843354.623,DIGITAL_IN,ChoiceWallIR,0,null
844390.154,DIGITAL_IN,TrayWallIR,-1,null
844402.149,DIGITAL_IN,TrayWallIR,0,null
844510.1,DIGITAL_IN,TrayWallIR,-1,null
844518.096,DIGITAL_IN,TrayWallIR,0,null
847137.132,PROGRAMMATIC,ITITimerEvent,-1,null
849017.059,DIGITAL_IN,TrayWallIR,-1,null
852251.594,DIGITAL_IN,TrayWallIR,0,null
852715.384,DIGITAL_IN,TrayWallIR,-1,null
852731.376,DIGITAL_IN,TrayWallIR,0,null
852795.132,PROGRAMMATIC,RandITITimerEvent,-1,null
852795.132,PROGRAMMATIC,FIEvent,-1,null
853335.103,DIGITAL_IN,TrayWallIR,-1,null
853942.828,DIGITAL_IN,TrayWallIR,0,null
855227.246,DIGITAL_IN,TrayWallIR,-1,null
856490.674,DIGITAL_IN,TrayWallIR,0,null
856574.636,DIGITAL_IN,TrayWallIR,-1,null
856870.502,DIGITAL_IN,TrayWallIR,0,null
859025.526,DIGITAL_IN,ChoiceWallIR,-1,null
859641.247,DIGITAL_IN,ChoiceWallIR,0,null
859773.187,DIGITAL_IN,ChoiceWallIR,-1,null
860432.888,DIGITAL_IN,ChoiceWallIR,0,null
860476.868,DIGITAL_IN,Hole5NP,-1,null
860516.85,DIGITAL_IN,Hole5NP,0,null
860820.713,DIGITAL_IN,ChoiceWallIR,-1,null
861316.488,DIGITAL_IN,Hole6NP,-1,null
861997.18,DIGITAL_IN,Hole6NP,0,null
862037.162,DIGITAL_IN,Hole6NP,-1,null
862089.138,DIGITAL_IN,Hole6NP,0,null
862309.039,DIGITAL_IN,Hole5NP,-1,null
862540.934,DIGITAL_IN,Hole5NP,0,null
862760.834,DIGITAL_IN,Hole6NP,-1,null
863784.37,DIGITAL_IN,Hole6NP,0,null
863948.296,DIGITAL_IN,ChoiceWallIR,0,null
864388.097,DIGITAL_IN,ChoiceWallIR,-1,null
864580.01,DIGITAL_IN,ChoiceWallIR,0,null
865127.762,DIGITAL_IN,ChoiceWallIR,-1,null
865195.731,DIGITAL_IN,ChoiceWallIR,0,null
865235.713,DIGITAL_IN,TrayWallIR,-1,null
865251.706,DIGITAL_IN,TrayWallIR,0,null
865375.65,DIGITAL_IN,TrayWallIR,-1,null
865395.641,DIGITAL_IN,TrayWallIR,0,null
865443.619,DIGITAL_IN,Hole5NP,-1,null
865695.505,DIGITAL_IN,Hole5NP,0,null
865727.49,DIGITAL_IN,Hole5NP,-1,null
865791.461,DIGITAL_IN,Hole5NP,0,null
866303.23,DIGITAL_IN,TrayWallIR,-1,null
866323.221,DIGITAL_IN,TrayWallIR,0,null
866367.201,DIGITAL_IN,TrayWallIR,-1,null
866391.19,DIGITAL_IN,TrayWallIR,0,null
866415.179,DIGITAL_IN,Hole5NP,-1,null
866451.166,DIGITAL_IN,Hole5NP,0,null
866495.143,DIGITAL_IN,Hole5NP,-1,null
866667.065,DIGITAL_IN,TrayWallIR,-1,null
866671.064,DIGITAL_IN,Hole5NP,0,null
867014.907,DIGITAL_IN,Hole5NP,-1,null
867126.857,DIGITAL_IN,Hole5NP,0,null
867182.831,DIGITAL_IN,TrayWallIR,0,null
867246.802,DIGITAL_IN,ChoiceWallIR,-1,null
867795.132,PROGRAMMATIC,FITimerEvent,-1,null
868171.383,DIGITAL_IN,ChoiceWallIR,0,null
868783.106,DIGITAL_IN,TrayWallIR,-1,null
870166.48,DIGITAL_IN,TrayWallIR,0,null
870418.366,DIGITAL_IN,TrayWallIR,-1,null
871389.926,DIGITAL_IN,TrayWallIR,0,null
872289.518,DIGITAL_IN,TrayWallIR,-1,null
876560.584,DIGITAL_IN,TrayWallIR,0,null
876668.535,DIGITAL_IN,ChoiceWallIR,-1,null
876868.444,DIGITAL_IN,ChoiceWallIR,0,null
877096.341,DIGITAL_IN,Hole5NP,-1,null
877096.341,PROGRAMMATIC,Hole5Event,-1,null
877128.327,DIGITAL_IN,Hole5NP,0,null
877344.229,DIGITAL_IN,TrayWallIR,-1,null
877348.229,DIGITAL_IN,TrayWallIR,0,null
877368.218,DIGITAL_IN,ChoiceWallIR,-1,null
877384.212,DIGITAL_IN,ChoiceWallIR,0,null
877572.126,DIGITAL_IN,ChoiceWallIR,-1,null
877576.125,DIGITAL_IN,ChoiceWallIR,0,null
877604.111,DIGITAL_IN,ChoiceWallIR,-1,null
877660.086,DIGITAL_IN,ChoiceWallIR,0,null
877756.042,DIGITAL_IN,TrayWallIR,-1,null
878296.341,PROGRAMMATIC,FeederTimerEvent,-1,null
878296.341,ALWAYS,ITI,-1,null
884102.168,DIGITAL_IN,TrayWallIR,0,null
886241.199,DIGITAL_IN,TrayWallIR,-1,null
886389.132,DIGITAL_IN,TrayWallIR,0,null
886661.009,DIGITAL_IN,TrayWallIR,-1,null
890292.365,DIGITAL_IN,TrayWallIR,0,null
894739.351,DIGITAL_IN,ChoiceWallIR,-1,null
895379.061,DIGITAL_IN,ChoiceWallIR,0,null
895403.05,DIGITAL_IN,ChoiceWallIR,-1,null
897274.202,DIGITAL_IN,ChoiceWallIR,0,null
897666.025,DIGITAL_IN,ChoiceWallIR,-1,null
897877.929,DIGITAL_IN,ChoiceWallIR,0,null
898285.744,DIGITAL_IN,TrayWallIR,-1,null
898296.341,PROGRAMMATIC,ITITimerEvent,-1,null
898333.723,DIGITAL_IN,TrayWallIR,0,null
898465.663,DIGITAL_IN,ChoiceWallIR,-1,null
899673.116,DIGITAL_IN,ChoiceWallIR,0,null
900260.85,DIGITAL_IN,ChoiceWallIR,-1,null
900268.846,DIGITAL_IN,ChoiceWallIR,0,null
900328.819,DIGITAL_IN,ChoiceWallIR,-1,null
901603.341,PROGRAMMATIC,RandITITimerEvent,-1,null
901603.341,PROGRAMMATIC,FIEvent,-1,null
903100.564,DIGITAL_IN,Hole6NP,-1,null
903128.551,DIGITAL_IN,Hole6NP,0,null
903656.312,DIGITAL_IN,ChoiceWallIR,0,null
903712.287,DIGITAL_IN,Hole5NP,-1,null
903748.27,DIGITAL_IN,Hole5NP,0,null
903956.176,DIGITAL_IN,Hole6NP,-1,null
904487.935,DIGITAL_IN,Hole6NP,0,null
905171.626,DIGITAL_IN,ChoiceWallIR,-1,null
905819.332,DIGITAL_IN,Hole6NP,-1,null
905823.332,DIGITAL_IN,ChoiceWallIR,0,null
906347.093,DIGITAL_IN,Hole6NP,0,null
906351.093,DIGITAL_IN,ChoiceWallIR,-1,null
906507.021,DIGITAL_IN,ChoiceWallIR,0,null
907367.631,DIGITAL_IN,ChoiceWallIR,-1,null
907479.58,DIGITAL_IN,Hole5NP,-1,null
907555.546,DIGITAL_IN,Hole5NP,0,null
907971.358,DIGITAL_IN,Hole5NP,-1,null
908063.316,DIGITAL_IN,Hole5NP,0,null
908387.169,DIGITAL_IN,ChoiceWallIR,0,null
908431.149,DIGITAL_IN,ChoiceWallIR,-1,null
908531.104,DIGITAL_IN,ChoiceWallIR,0,null
908587.079,DIGITAL_IN,ChoiceWallIR,-1,null
910082.401,DIGITAL_IN,ChoiceWallIR,0,null
910126.382,DIGITAL_IN,ChoiceWallIR,-1,null
910138.376,DIGITAL_IN,ChoiceWallIR,0,null
910814.07,DIGITAL_IN,TrayWallIR,-1,null
910854.052,DIGITAL_IN,TrayWallIR,0,null
911017.978,DIGITAL_IN,TrayWallIR,-1,null
911021.977,DIGITAL_IN,TrayWallIR,0,null
912165.458,DIGITAL_IN,TrayWallIR,-1,null
912173.454,DIGITAL_IN,TrayWallIR,0,null
912633.246,DIGITAL_IN,TrayWallIR,-1,null
912641.243,DIGITAL_IN,TrayWallIR,0,null
912757.19,DIGITAL_IN,TrayWallIR,-1,null
914597.357,DIGITAL_IN,TrayWallIR,0,null
914673.322,DIGITAL_IN,TrayWallIR,-1,null
915229.071,DIGITAL_IN,TrayWallIR,0,null
915281.047,DIGITAL_IN,TrayWallIR,-1,null
915293.042,DIGITAL_IN,TrayWallIR,0,null
915532.933,DIGITAL_IN,ChoiceWallIR,-1,null
916164.647,DIGITAL_IN,ChoiceWallIR,0,null
916180.64,DIGITAL_IN,Hole5NP,-1,null
916260.603,DIGITAL_IN,ChoiceWallIR,-1,null
916320.576,DIGITAL_IN,Hole5NP,0,null
916368.554,DIGITAL_IN,Hole5NP,-1,null
916392.544,DIGITAL_IN,Hole5NP,0,null
916564.466,DIGITAL_IN,Hole5NP,-1,null
916603.341,PROGRAMMATIC,FITimerEvent,-1,null
916716.397,DIGITAL_IN,Hole5NP,0,null
917172.19,DIGITAL_IN,ChoiceWallIR,0,null
917176.19,DIGITAL_IN,Hole5NP,-1,null
917176.19,PROGRAMMATIC,Hole5Event,-1,null
917212.172,DIGITAL_IN,Hole5NP,0,null
917695.953,DIGITAL_IN,TrayWallIR,-1,null
918376.19,PROGRAMMATIC,FeederTimerEvent,-1,null
918376.19,ALWAYS,ITI,-1,null
925537.402,DIGITAL_IN,TrayWallIR,0,null
925713.322,DIGITAL_IN,ChoiceWallIR,-1,null
925757.302,DIGITAL_IN,ChoiceWallIR,0,null
925929.224,DIGITAL_IN,ChoiceWallIR,-1,null
925957.212,DIGITAL_IN,ChoiceWallIR,0,null
926440.993,DIGITAL_IN,ChoiceWallIR,-1,null
926460.983,DIGITAL_IN,ChoiceWallIR,0,null
926560.938,DIGITAL_IN,ChoiceWallIR,-1,null
927137.677,DIGITAL_IN,ChoiceWallIR,0,null
927185.655,DIGITAL_IN,ChoiceWallIR,-1,null
927193.652,DIGITAL_IN,ChoiceWallIR,0,null
927297.604,DIGITAL_IN,ChoiceWallIR,-1,null
927913.326,DIGITAL_IN,ChoiceWallIR,0,null
928025.275,DIGITAL_IN,ChoiceWallIR,-1,null
928565.03,DIGITAL_IN,ChoiceWallIR,0,null
929068.802,DIGITAL_IN,ChoiceWallIR,-1,null
929380.661,DIGITAL_IN,ChoiceWallIR,0,null
930272.257,DIGITAL_IN,TrayWallIR,-1,null
930300.245,DIGITAL_IN,TrayWallIR,0,null
930404.198,DIGITAL_IN,TrayWallIR,-1,null
930476.165,DIGITAL_IN,TrayWallIR,0,null
930700.064,DIGITAL_IN,ChoiceWallIR,-1,null
930899.973,DIGITAL_IN,ChoiceWallIR,0,null
931599.656,DIGITAL_IN,ChoiceWallIR,-1,null
931671.624,DIGITAL_IN,ChoiceWallIR,0,null
931739.593,DIGITAL_IN,ChoiceWallIR,-1,null
931843.546,DIGITAL_IN,TrayWallIR,-1,null
931855.54,DIGITAL_IN,TrayWallIR,0,null
932423.283,DIGITAL_IN,ChoiceWallIR,0,null
932447.272,DIGITAL_IN,ChoiceWallIR,-1,null
933519.786,DIGITAL_IN,ChoiceWallIR,0,null
936538.419,DIGITAL_IN,TrayWallIR,-1,null
936542.419,DIGITAL_IN,TrayWallIR,0,null
938229.653,DIGITAL_IN,TrayWallIR,-1,null
938376.19,PROGRAMMATIC,ITITimerEvent,-1,null
938477.541,DIGITAL_IN,TrayWallIR,0,null
938497.532,DIGITAL_IN,TrayWallIR,-1,null
938533.516,DIGITAL_IN,TrayWallIR,0,null
940161.778,DIGITAL_IN,TrayWallIR,-1,null
941333.248,DIGITAL_IN,TrayWallIR,0,null
941373.23,DIGITAL_IN,TrayWallIR,-1,null
941405.215,DIGITAL_IN,TrayWallIR,0,null
941469.186,DIGITAL_IN,TrayWallIR,-1,null
942278.19,PROGRAMMATIC,RandITITimerEvent,-1,null
942278.19,PROGRAMMATIC,FIEvent,-1,null
942672.641,DIGITAL_IN,TrayWallIR,0,null
942712.623,DIGITAL_IN,TrayWallIR,-1,null
942924.527,DIGITAL_IN,TrayWallIR,0,null
943104.445,DIGITAL_IN,ChoiceWallIR,-1,null
944739.705,DIGITAL_IN,Hole5NP,-1,null
945039.569,DIGITAL_IN,Hole5NP,0,null
945351.428,DIGITAL_IN,ChoiceWallIR,0,null
945407.402,DIGITAL_IN,ChoiceWallIR,-1,null
945483.368,DIGITAL_IN,ChoiceWallIR,0,null
945715.263,DIGITAL_IN,ChoiceWallIR,-1,null
945731.256,DIGITAL_IN,ChoiceWallIR,0,null
945847.203,DIGITAL_IN,ChoiceWallIR,-1,null
946207.04,DIGITAL_IN,ChoiceWallIR,0,null
946231.029,DIGITAL_IN,ChoiceWallIR,-1,null
947775.33,DIGITAL_IN,ChoiceWallIR,0,null
947895.276,DIGITAL_IN,ChoiceWallIR,-1,null
949738.441,DIGITAL_IN,Hole5NP,-1,null
949762.43,DIGITAL_IN,Hole5NP,0,null
951417.68,DIGITAL_IN,Hole6NP,-1,null
951941.443,DIGITAL_IN,Hole6NP,0,null
952153.347,DIGITAL_IN,Hole5NP,-1,null
952229.313,DIGITAL_IN,Hole5NP,0,null
952285.287,DIGITAL_IN,Hole5NP,-1,null
952337.264,DIGITAL_IN,Hole5NP,0,null
952805.052,DIGITAL_IN,ChoiceWallIR,0,null
952944.989,DIGITAL_IN,ChoiceWallIR,-1,null
952996.965,DIGITAL_IN,ChoiceWallIR,0,null
953085.925,DIGITAL_IN,ChoiceWallIR,-1,null
955664.757,DIGITAL_IN,ChoiceWallIR,0,null
957252.038,DIGITAL_IN,ChoiceWallIR,-1,null
957278.19,PROGRAMMATIC,FITimerEvent,-1,null
957523.915,DIGITAL_IN,ChoiceWallIR,0,null
957835.774,DIGITAL_IN,TrayWallIR,-1,null
958931.277,DIGITAL_IN,TrayWallIR,0,null
960311.652,DIGITAL_IN,ChoiceWallIR,-1,null
960407.609,DIGITAL_IN,ChoiceWallIR,0,null
960451.589,DIGITAL_IN,Hole5NP,-1,null
960451.589,PROGRAMMATIC,Hole5Event,-1,null
960495.569,DIGITAL_IN,Hole5NP,0,null
960747.455,DIGITAL_IN,ChoiceWallIR,-1,null
960959.359,DIGITAL_IN,ChoiceWallIR,0,null
961111.29,DIGITAL_IN,TrayWallIR,-1,null
961651.589,PROGRAMMATIC,FeederTimerEvent,-1,null
961651.589,ALWAYS,ITI,-1,null
969100.671,DIGITAL_IN,TrayWallIR,0,null
969144.652,DIGITAL_IN,TrayWallIR,-1,null
969148.651,DIGITAL_IN,TrayWallIR,0,null
969408.532,DIGITAL_IN,TrayWallIR,-1,null
969460.509,DIGITAL_IN,TrayWallIR,0,null
971067.781,DIGITAL_IN,ChoiceWallIR,-1,null
972219.259,DIGITAL_IN,ChoiceWallIR,0,null
972487.138,DIGITAL_IN,ChoiceWallIR,-1,null
972748.02,DIGITAL_IN,ChoiceWallIR,0,null
975130.94,DIGITAL_IN,ChoiceWallIR,-1,null
975150.931,DIGITAL_IN,ChoiceWallIR,0,null
981651.589,PROGRAMMATIC,ITITimerEvent,-1,null
982301.589,PROGRAMMATIC,RandITITimerEvent,-1,null
982301.589,PROGRAMMATIC,PIEvent,-1,null
1003733.986,DIGITAL_IN,ChoiceWallIR,-1,null
1007489.285,DIGITAL_IN,ChoiceWallIR,0,null
1007601.234,DIGITAL_IN,ChoiceWallIR,-1,null
1007625.223,DIGITAL_IN,ChoiceWallIR,0,null
1008033.039,DIGITAL_IN,ChoiceWallIR,-1,null
1009220.501,DIGITAL_IN,ChoiceWallIR,0,null
1009468.389,DIGITAL_IN,ChoiceWallIR,-1,null
1011279.568,DIGITAL_IN,ChoiceWallIR,0,null
1011379.523,DIGITAL_IN,ChoiceWallIR,-1,null
1011691.382,DIGITAL_IN,Hole6NP,-1,null
1011755.353,DIGITAL_IN,Hole6NP,0,null
1012016.235,DIGITAL_IN,ChoiceWallIR,0,null
1012112.191,DIGITAL_IN,Hole5NP,-1,null
1012176.162,DIGITAL_IN,Hole5NP,0,null
1012615.963,DIGITAL_IN,Hole5NP,-1,null
1012683.932,DIGITAL_IN,Hole5NP,0,null
1012999.789,DIGITAL_IN,Hole6NP,-1,null
1013423.597,DIGITAL_IN,Hole6NP,0,null
1013439.59,DIGITAL_IN,Hole6NP,-1,null
1013475.574,DIGITAL_IN,Hole6NP,0,null
1013523.552,DIGITAL_IN,ChoiceWallIR,-1,null
1013667.487,DIGITAL_IN,ChoiceWallIR,0,null
1014071.304,DIGITAL_IN,Hole6NP,-1,null
1014251.222,DIGITAL_IN,Hole6NP,0,null
1014307.197,DIGITAL_IN,Hole6NP,-1,null
1014591.068,DIGITAL_IN,Hole6NP,0,null
1014619.056,DIGITAL_IN,ChoiceWallIR,-1,null
1014715.012,DIGITAL_IN,ChoiceWallIR,0,null
1014882.936,DIGITAL_IN,ChoiceWallIR,-1,null
1017153.908,DIGITAL_IN,ChoiceWallIR,0,null
1017261.859,DIGITAL_IN,ChoiceWallIR,-1,null
1017361.814,DIGITAL_IN,ChoiceWallIR,0,null
1018173.446,DIGITAL_IN,ChoiceWallIR,-1,null
1018185.441,DIGITAL_IN,ChoiceWallIR,0,null
1018374.355,DIGITAL_IN,ChoiceWallIR,-1,null
1019074.038,DIGITAL_IN,Hole5NP,-1,null
1019453.866,DIGITAL_IN,Hole5NP,0,null
1019805.707,DIGITAL_IN,Hole5NP,-1,null
1019825.698,DIGITAL_IN,ChoiceWallIR,0,null
1020137.556,DIGITAL_IN,Hole5NP,0,null
1020301.482,DIGITAL_IN,ChoiceWallIR,-1,null
1024811.439,DIGITAL_IN,ChoiceWallIR,0,null
1024988.359,DIGITAL_IN,ChoiceWallIR,-1,null
1025012.348,DIGITAL_IN,ChoiceWallIR,0,null
1026939.476,DIGITAL_IN,ChoiceWallIR,-1,null
1026951.47,DIGITAL_IN,ChoiceWallIR,0,null
1027275.324,DIGITAL_IN,ChoiceWallIR,-1,null
1027301.589,PROGRAMMATIC,PITimerEvent,-1,null
1027301.589,ALWAYS,ITI,-1,null
1027335.296,DIGITAL_IN,ChoiceWallIR,0,null
1028254.88,DIGITAL_IN,ChoiceWallIR,-1,null
1028590.728,DIGITAL_IN,ChoiceWallIR,0,null
1028914.581,DIGITAL_IN,ChoiceWallIR,-1,null
1028954.563,DIGITAL_IN,ChoiceWallIR,0,null
1030909.677,DIGITAL_IN,TrayWallIR,-1,null
1031918.221,DIGITAL_IN,TrayWallIR,0,null
1034840.897,DIGITAL_IN,TrayWallIR,-1,null
1038388.29,DIGITAL_IN,TrayWallIR,0,null
1038684.156,DIGITAL_IN,TrayWallIR,-1,null
1038748.127,DIGITAL_IN,TrayWallIR,0,null
1039423.821,DIGITAL_IN,TrayWallIR,-1,null
1040415.372,DIGITAL_IN,TrayWallIR,0,null
1040783.206,DIGITAL_IN,ChoiceWallIR,-1,null
1041666.806,DIGITAL_IN,ChoiceWallIR,0,null
1041722.78,DIGITAL_IN,ChoiceWallIR,-1,null
1042938.23,DIGITAL_IN,ChoiceWallIR,0,null
1043010.197,DIGITAL_IN,ChoiceWallIR,-1,null
1043082.164,DIGITAL_IN,ChoiceWallIR,0,null
1044694.434,DIGITAL_IN,TrayWallIR,-1,null
1044894.344,DIGITAL_IN,TrayWallIR,0,null
1045134.235,DIGITAL_IN,TrayWallIR,-1,null
1045789.938,DIGITAL_IN,TrayWallIR,0,null
1046633.556,DIGITAL_IN,TrayWallIR,-1,null
1046789.485,DIGITAL_IN,TrayWallIR,0,null
1047301.589,PROGRAMMATIC,ITITimerEvent,-1,null
1049633.589,PROGRAMMATIC,RandITITimerEvent,-1,null
1049633.589,PROGRAMMATIC,PIEvent,-1,null
1050247.919,DIGITAL_IN,ChoiceWallIR,-1,null
1050731.701,DIGITAL_IN,ChoiceWallIR,0,null
1052867.732,DIGITAL_IN,ChoiceWallIR,-1,null
1054007.216,DIGITAL_IN,ChoiceWallIR,0,null
1054494.995,DIGITAL_IN,TrayWallIR,-1,null
1054518.985,DIGITAL_IN,TrayWallIR,0,null
1054874.823,DIGITAL_IN,TrayWallIR,-1,null
1055354.606,DIGITAL_IN,TrayWallIR,0,null
1055562.512,DIGITAL_IN,TrayWallIR,-1,null
1055630.481,DIGITAL_IN,TrayWallIR,0,null
1055694.452,DIGITAL_IN,TrayWallIR,-1,null
1055730.436,DIGITAL_IN,TrayWallIR,0,null
1056981.869,DIGITAL_IN,TrayWallIR,-1,null
1057890.458,DIGITAL_IN,TrayWallIR,0,null
1058154.338,DIGITAL_IN,TrayWallIR,-1,null
1059045.934,DIGITAL_IN,TrayWallIR,0,null
1059313.813,DIGITAL_IN,ChoiceWallIR,-1,null
1059729.625,DIGITAL_IN,TrayWallIR,-1,null
1059737.621,DIGITAL_IN,TrayWallIR,0,null
1060249.389,DIGITAL_IN,Hole5NP,-1,null
1060273.378,DIGITAL_IN,ChoiceWallIR,0,null
1060365.337,DIGITAL_IN,Hole5NP,0,null
1060809.136,DIGITAL_IN,ChoiceWallIR,-1,null
1063124.087,DIGITAL_IN,Hole5NP,-1,null
1063695.828,DIGITAL_IN,Hole5NP,0,null
1065939.812,DIGITAL_IN,ChoiceWallIR,0,null
1065999.785,DIGITAL_IN,ChoiceWallIR,-1,null
1066015.778,DIGITAL_IN,ChoiceWallIR,0,null
1066303.647,DIGITAL_IN,TrayWallIR,-1,null
1066959.35,DIGITAL_IN,TrayWallIR,0,null
1067111.281,DIGITAL_IN,TrayWallIR,-1,null
1067423.14,DIGITAL_IN,TrayWallIR,0,null
1067798.97,DIGITAL_IN,TrayWallIR,-1,null
1067834.954,DIGITAL_IN,TrayWallIR,0,null
1068274.754,DIGITAL_IN,TrayWallIR,-1,null
1068690.566,DIGITAL_IN,TrayWallIR,0,null
1070281.845,DIGITAL_IN,TrayWallIR,-1,null
1072441.867,DIGITAL_IN,TrayWallIR,0,null
1072477.851,DIGITAL_IN,TrayWallIR,-1,null
1072493.844,DIGITAL_IN,TrayWallIR,0,null
1072813.699,DIGITAL_IN,TrayWallIR,-1,null
1075924.29,DIGITAL_IN,TrayWallIR,0,null
1079815.528,DIGITAL_IN,ChoiceWallIR,-1,null
1079879.499,DIGITAL_IN,ChoiceWallIR,0,null
1080095.401,DIGITAL_IN,ChoiceWallIR,-1,null
1080595.174,DIGITAL_IN,ChoiceWallIR,0,null
1081150.923,DIGITAL_IN,ChoiceWallIR,-1,null
1081662.691,DIGITAL_IN,ChoiceWallIR,0,null
1081738.657,DIGITAL_IN,ChoiceWallIR,-1,null
1081746.653,DIGITAL_IN,ChoiceWallIR,0,null
1082686.227,DIGITAL_IN,Hole5NP,-1,null
1082886.137,DIGITAL_IN,Hole5NP,0,null
1085238.072,DIGITAL_IN,Hole5NP,-1,null
1085525.941,DIGITAL_IN,Hole5NP,0,null
1085961.744,DIGITAL_IN,ChoiceWallIR,-1,null
1086065.697,DIGITAL_IN,ChoiceWallIR,0,null
1086077.691,DIGITAL_IN,ChoiceWallIR,-1,null
1087221.173,DIGITAL_IN,Hole5NP,-1,null
1087249.161,DIGITAL_IN,ChoiceWallIR,0,null
1087708.952,DIGITAL_IN,Hole5NP,0,null
1088308.681,DIGITAL_IN,Hole5NP,-1,null
1088360.657,DIGITAL_IN,Hole5NP,0,null
1088664.52,DIGITAL_IN,Hole6NP,-1,null
1088748.482,DIGITAL_IN,Hole6NP,0,null
1089104.321,DIGITAL_IN,Hole6NP,-1,null
1089444.167,DIGITAL_IN,Hole6NP,0,null
1089476.152,DIGITAL_IN,Hole6NP,-1,null
1089524.13,DIGITAL_IN,Hole6NP,0,null
1090071.882,DIGITAL_IN,Hole5NP,-1,null
1090167.839,DIGITAL_IN,Hole5NP,0,null
1090183.832,DIGITAL_IN,Hole5NP,-1,null
1090280.788,DIGITAL_IN,Hole5NP,0,null
1090548.666,DIGITAL_IN,Hole6NP,-1,null
1091532.221,DIGITAL_IN,Hole6NP,0,null
1091560.208,DIGITAL_IN,Hole6NP,-1,null
1091716.138,DIGITAL_IN,Hole6NP,0,null
1091876.065,DIGITAL_IN,ChoiceWallIR,-1,null
1091976.02,DIGITAL_IN,ChoiceWallIR,0,null
1092507.779,DIGITAL_IN,Hole6NP,-1,null
1093235.449,DIGITAL_IN,Hole6NP,0,null
1093267.435,DIGITAL_IN,Hole6NP,-1,null
1093331.406,DIGITAL_IN,Hole6NP,0,null
1093635.268,DIGITAL_IN,Hole5NP,-1,null
1093703.238,DIGITAL_IN,Hole5NP,0,null
1094227.0,DIGITAL_IN,Hole6NP,-1,null
1094633.589,PROGRAMMATIC,PITimerEvent,-1,null
1094633.589,ALWAYS,ITI,-1,null
1095542.405,DIGITAL_IN,ChoiceWallIR,-1,null
1095586.385,DIGITAL_IN,Hole6NP,0,null
1095674.345,DIGITAL_IN,ChoiceWallIR,0,null
1096422.006,DIGITAL_IN,ChoiceWallIR,-1,null
1096434.001,DIGITAL_IN,ChoiceWallIR,0,null
1096565.941,DIGITAL_IN,ChoiceWallIR,-1,null
1097158.673,DIGITAL_IN,Hole6NP,-1,null
1097506.515,DIGITAL_IN,Hole6NP,0,null
1097990.296,DIGITAL_IN,ChoiceWallIR,0,null
1098002.291,DIGITAL_IN,ChoiceWallIR,-1,null
1098506.062,DIGITAL_IN,Hole5NP,-1,null
1098566.035,DIGITAL_IN,Hole5NP,0,null
1098713.968,DIGITAL_IN,ChoiceWallIR,0,null
1098873.896,DIGITAL_IN,ChoiceWallIR,-1,null
1098881.892,DIGITAL_IN,ChoiceWallIR,0,null
1098953.86,DIGITAL_IN,ChoiceWallIR,-1,null
1100928.965,DIGITAL_IN,ChoiceWallIR,0,null
1101316.789,DIGITAL_IN,TrayWallIR,-1,null
1102292.348,DIGITAL_IN,TrayWallIR,0,null
1102668.177,DIGITAL_IN,TrayWallIR,-1,null
1103071.994,DIGITAL_IN,TrayWallIR,0,null
1104224.472,DIGITAL_IN,TrayWallIR,-1,null
1104392.396,DIGITAL_IN,TrayWallIR,0,null
1105751.781,DIGITAL_IN,TrayWallIR,-1,null
1106155.598,DIGITAL_IN,TrayWallIR,0,null
1106935.245,DIGITAL_IN,TrayWallIR,-1,null
1109482.092,DIGITAL_IN,TrayWallIR,0,null
1109689.997,DIGITAL_IN,TrayWallIR,-1,null
1111534.162,DIGITAL_IN,TrayWallIR,0,null
1111650.109,DIGITAL_IN,TrayWallIR,-1,null
1114576.784,DIGITAL_IN,TrayWallIR,0,null
1114633.589,PROGRAMMATIC,ITITimerEvent,-1,null
1114992.595,DIGITAL_IN,ChoiceWallIR,-1,null
1115716.268,DIGITAL_IN,TrayWallIR,-1,null
1115736.259,DIGITAL_IN,TrayWallIR,0,null
1115840.212,DIGITAL_IN,TrayWallIR,-1,null
1115888.19,DIGITAL_IN,TrayWallIR,0,null
1116036.123,DIGITAL_IN,TrayWallIR,-1,null
1116072.107,DIGITAL_IN,TrayWallIR,0,null
1116327.991,DIGITAL_IN,TrayWallIR,-1,null
1116339.985,DIGITAL_IN,TrayWallIR,0,null
1116377.589,PROGRAMMATIC,RandITITimerEvent,-1,null
1116377.589,PROGRAMMATIC,PIEvent,-1,null
1119075.746,DIGITAL_IN,ChoiceWallIR,0,null
1119327.632,DIGITAL_IN,TrayWallIR,-1,null
1120742.991,DIGITAL_IN,TrayWallIR,0,null
1121038.857,DIGITAL_IN,TrayWallIR,-1,null
1121194.786,DIGITAL_IN,TrayWallIR,0,null
1122462.212,DIGITAL_IN,ChoiceWallIR,-1,null
1123434.772,DIGITAL_IN,ChoiceWallIR,0,null
1124330.366,DIGITAL_IN,ChoiceWallIR,-1,null
1124370.348,DIGITAL_IN,ChoiceWallIR,0,null
1124550.267,DIGITAL_IN,ChoiceWallIR,-1,null
1124554.266,DIGITAL_IN,ChoiceWallIR,0,null
1127037.14,DIGITAL_IN,ChoiceWallIR,-1,null
1127101.111,DIGITAL_IN,ChoiceWallIR,0,null
1127596.887,DIGITAL_IN,ChoiceWallIR,-1,null
1127612.88,DIGITAL_IN,Hole5NP,-1,null
1127668.854,DIGITAL_IN,ChoiceWallIR,0,null
1127732.825,DIGITAL_IN,Hole5NP,0,null
1127844.775,DIGITAL_IN,Hole5NP,-1,null
1127896.751,DIGITAL_IN,Hole5NP,0,null
1128468.492,DIGITAL_IN,ChoiceWallIR,-1,null
1128836.326,DIGITAL_IN,Hole4NP,-1,null
1128880.306,DIGITAL_IN,Hole4NP,0,null
1129120.197,DIGITAL_IN,Hole5NP,-1,null
1129128.193,DIGITAL_IN,Hole5NP,0,null
1130304.66,DIGITAL_IN,ChoiceWallIR,0,null
1130336.646,DIGITAL_IN,ChoiceWallIR,-1,null
1130712.476,DIGITAL_IN,ChoiceWallIR,0,null
1131052.322,DIGITAL_IN,TrayWallIR,-1,null
1131620.065,DIGITAL_IN,TrayWallIR,0,null
1131847.962,DIGITAL_IN,TrayWallIR,-1,null
1132003.891,DIGITAL_IN,TrayWallIR,0,null
1132023.882,DIGITAL_IN,TrayWallIR,-1,null
1132031.878,DIGITAL_IN,TrayWallIR,0,null
1132743.556,DIGITAL_IN,ChoiceWallIR,-1,null
1133003.439,DIGITAL_IN,ChoiceWallIR,0,null
1133063.411,DIGITAL_IN,ChoiceWallIR,-1,null
1133743.103,DIGITAL_IN,ChoiceWallIR,0,null
1133863.051,DIGITAL_IN,ChoiceWallIR,-1,null
1134366.821,DIGITAL_IN,ChoiceWallIR,0,null
1134434.79,DIGITAL_IN,Hole5NP,-1,null
1134526.748,DIGITAL_IN,Hole5NP,0,null
1136027.069,DIGITAL_IN,ChoiceWallIR,-1,null
1137162.554,DIGITAL_IN,ChoiceWallIR,0,null
1137262.509,DIGITAL_IN,ChoiceWallIR,-1,null
1137458.42,DIGITAL_IN,Hole5NP,-1,null
1137570.37,DIGITAL_IN,Hole5NP,0,null
1138497.95,DIGITAL_IN,Hole5NP,-1,null
1138601.903,DIGITAL_IN,Hole5NP,0,null
1139305.584,DIGITAL_IN,ChoiceWallIR,0,null
1139397.542,DIGITAL_IN,ChoiceWallIR,-1,null
1139417.533,DIGITAL_IN,ChoiceWallIR,0,null
1140165.195,DIGITAL_IN,ChoiceWallIR,-1,null
1143948.481,DIGITAL_IN,ChoiceWallIR,0,null
1144008.454,DIGITAL_IN,ChoiceWallIR,-1,null
1145979.561,DIGITAL_IN,ChoiceWallIR,0,null
1146563.297,DIGITAL_IN,ChoiceWallIR,-1,null
1146999.099,DIGITAL_IN,ChoiceWallIR,0,null
1147147.032,DIGITAL_IN,ChoiceWallIR,-1,null
1147338.946,DIGITAL_IN,Hole6NP,-1,null
1147374.929,DIGITAL_IN,Hole6NP,0,null
1147546.851,DIGITAL_IN,ChoiceWallIR,0,null
1147562.844,DIGITAL_IN,Hole5NP,-1,null
1147778.746,DIGITAL_IN,Hole5NP,0,null
1147950.668,DIGITAL_IN,ChoiceWallIR,-1,null
1148586.38,DIGITAL_IN,ChoiceWallIR,0,null
1148974.205,DIGITAL_IN,ChoiceWallIR,-1,null
1150350.581,DIGITAL_IN,ChoiceWallIR,0,null
1150458.533,DIGITAL_IN,ChoiceWallIR,-1,null
1150574.48,DIGITAL_IN,ChoiceWallIR,0,null
1150926.321,DIGITAL_IN,TrayWallIR,-1,null
1152221.734,DIGITAL_IN,TrayWallIR,0,null
1152341.68,DIGITAL_IN,TrayWallIR,-1,null
1152881.435,DIGITAL_IN,TrayWallIR,0,null
1153505.153,DIGITAL_IN,ChoiceWallIR,-1,null
1153637.093,DIGITAL_IN,ChoiceWallIR,0,null
1153669.078,DIGITAL_IN,ChoiceWallIR,-1,null
1154380.756,DIGITAL_IN,Hole5NP,-1,null
1154500.702,DIGITAL_IN,Hole5NP,0,null
1154532.687,DIGITAL_IN,Hole5NP,-1,null
1154620.647,DIGITAL_IN,ChoiceWallIR,0,null
1154716.604,DIGITAL_IN,Hole5NP,0,null
1154936.504,DIGITAL_IN,ChoiceWallIR,-1,null
1157388.394,DIGITAL_IN,ChoiceWallIR,0,null
1157416.381,DIGITAL_IN,ChoiceWallIR,-1,null
1157444.369,DIGITAL_IN,ChoiceWallIR,0,null
1157720.244,DIGITAL_IN,TrayWallIR,-1,null
1158531.876,DIGITAL_IN,TrayWallIR,0,null
1158719.791,DIGITAL_IN,TrayWallIR,-1,null
1158731.785,DIGITAL_IN,TrayWallIR,0,null
1158859.728,DIGITAL_IN,TrayWallIR,-1,null
1159071.632,DIGITAL_IN,TrayWallIR,0,null
1159115.612,DIGITAL_IN,TrayWallIR,-1,null
1160331.061,DIGITAL_IN,TrayWallIR,0,null
1160522.974,DIGITAL_IN,ChoiceWallIR,-1,null
1160714.887,DIGITAL_IN,ChoiceWallIR,0,null
1160950.781,DIGITAL_IN,ChoiceWallIR,-1,null
1161377.589,PROGRAMMATIC,PITimerEvent,-1,null
1161377.589,ALWAYS,ITI,-1,null
1162515.072,DIGITAL_IN,ChoiceWallIR,0,null
1163622.57,DIGITAL_IN,TrayWallIR,-1,null
1163982.407,DIGITAL_IN,TrayWallIR,0,null
1164070.368,DIGITAL_IN,TrayWallIR,-1,null
1164074.367,DIGITAL_IN,TrayWallIR,0,null
1164186.315,DIGITAL_IN,TrayWallIR,-1,null
1164190.314,DIGITAL_IN,TrayWallIR,0,null
1165333.795,DIGITAL_IN,TrayWallIR,-1,null
1165337.795,DIGITAL_IN,TrayWallIR,0,null
1167029.028,DIGITAL_IN,TrayWallIR,-1,null
1168633.301,DIGITAL_IN,ChoiceWallIR,-1,null
1169073.102,DIGITAL_IN,ChoiceWallIR,0,null
1169141.071,DIGITAL_IN,ChoiceWallIR,-1,null
1169169.058,DIGITAL_IN,ChoiceWallIR,0,null
1170128.624,DIGITAL_IN,TrayWallIR,0,null
1170228.578,DIGITAL_IN,TrayWallIR,-1,null
1170308.542,DIGITAL_IN,TrayWallIR,0,null
1170652.387,DIGITAL_IN,TrayWallIR,-1,null
1170680.374,DIGITAL_IN,TrayWallIR,0,null
1170956.249,DIGITAL_IN,TrayWallIR,-1,null
1177962.076,DIGITAL_IN,TrayWallIR,0,null
1177974.07,DIGITAL_IN,TrayWallIR,-1,null
1177982.067,DIGITAL_IN,TrayWallIR,0,null
1178193.971,DIGITAL_IN,TrayWallIR,-1,null
1178205.965,DIGITAL_IN,TrayWallIR,0,null
1178841.678,DIGITAL_IN,TrayWallIR,-1,null
1179373.437,DIGITAL_IN,TrayWallIR,0,null
1179833.228,DIGITAL_IN,ChoiceWallIR,-1,null
1179845.223,DIGITAL_IN,ChoiceWallIR,0,null
1179949.176,DIGITAL_IN,ChoiceWallIR,-1,null
1179989.158,DIGITAL_IN,ChoiceWallIR,0,null
1180101.107,DIGITAL_IN,ChoiceWallIR,-1,null
1180117.1,DIGITAL_IN,ChoiceWallIR,0,null
1180780.799,DIGITAL_IN,ChoiceWallIR,-1,null
1180920.736,DIGITAL_IN,ChoiceWallIR,0,null
1181056.675,DIGITAL_IN,ChoiceWallIR,-1,null
1181377.589,PROGRAMMATIC,ITITimerEvent,-1,null
1182237.14,DIGITAL_IN,ChoiceWallIR,0,null
1182305.109,DIGITAL_IN,ChoiceWallIR,-1,null
1182313.105,DIGITAL_IN,ChoiceWallIR,0,null
1183464.584,DIGITAL_IN,ChoiceWallIR,-1,null
1183532.553,DIGITAL_IN,ChoiceWallIR,0,null
1183732.462,DIGITAL_IN,ChoiceWallIR,-1,null
1183812.426,DIGITAL_IN,ChoiceWallIR,0,null
1184560.088,DIGITAL_IN,ChoiceWallIR,-1,null
1188194.442,DIGITAL_IN,ChoiceWallIR,0,null
1188415.341,DIGITAL_IN,ChoiceWallIR,-1,null
1188547.589,PROGRAMMATIC,RandITITimerEvent,-1,null
1188547.589,PROGRAMMATIC,FIEvent,-1,null
1188575.269,DIGITAL_IN,ChoiceWallIR,0,null
1188683.22,DIGITAL_IN,ChoiceWallIR,-1,null
1188811.162,DIGITAL_IN,ChoiceWallIR,0,null
1189386.901,DIGITAL_IN,TrayWallIR,-1,null
1189446.876,DIGITAL_IN,TrayWallIR,0,null
1193816.895,DIGITAL_IN,ChoiceWallIR,-1,null
1193832.888,DIGITAL_IN,ChoiceWallIR,0,null
1194204.721,DIGITAL_IN,TrayWallIR,-1,null
1194228.709,DIGITAL_IN,TrayWallIR,0,null
1195585.094,DIGITAL_IN,ChoiceWallIR,-1,null
1195860.969,DIGITAL_IN,ChoiceWallIR,0,null
1195888.957,DIGITAL_IN,ChoiceWallIR,-1,null
1196308.766,DIGITAL_IN,ChoiceWallIR,0,null
1197120.399,DIGITAL_IN,ChoiceWallIR,-1,null
1197328.305,DIGITAL_IN,ChoiceWallIR,0,null
1198407.816,DIGITAL_IN,ChoiceWallIR,-1,null
1198487.78,DIGITAL_IN,ChoiceWallIR,0,null
1199583.283,DIGITAL_IN,TrayWallIR,-1,null
1200254.979,DIGITAL_IN,TrayWallIR,0,null
1201066.612,DIGITAL_IN,TrayWallIR,-1,null
1202954.757,DIGITAL_IN,TrayWallIR,0,null
1203547.589,PROGRAMMATIC,FITimerEvent,-1,null
1204018.275,DIGITAL_IN,TrayWallIR,-1,null
1204745.945,DIGITAL_IN,TrayWallIR,0,null
1205121.775,DIGITAL_IN,TrayWallIR,-1,null
1205141.766,DIGITAL_IN,TrayWallIR,0,null
1205269.708,DIGITAL_IN,TrayWallIR,-1,null
1205421.639,DIGITAL_IN,TrayWallIR,0,null
1206181.295,DIGITAL_IN,ChoiceWallIR,-1,null
1206637.089,DIGITAL_IN,ChoiceWallIR,0,null
1206657.08,DIGITAL_IN,Hole5NP,-1,null
1206657.08,PROGRAMMATIC,Hole5Event,-1,null
1206689.065,DIGITAL_IN,Hole5NP,0,null
1206888.975,DIGITAL_IN,ChoiceWallIR,-1,null
1207068.893,DIGITAL_IN,ChoiceWallIR,0,null
1207228.821,DIGITAL_IN,TrayWallIR,-1,null
1207857.08,PROGRAMMATIC,FeederTimerEvent,-1,null
1207857.08,ALWAYS,ITI,-1,null
1212923.242,DIGITAL_IN,TrayWallIR,0,null
1213127.643,PROGRAM,TERMINATE,-1,null
1213127.643,PROGRAM,END,-1,null
