Program: PeakIntervalMiddleHopper, Version Checkstring: 1wt79hn_1521d29a745.tnt.vcs, Box Name: Box 01, Setup: 1, _DateTime: Thu Oct 07 11:13:06 ADT 2021, Version: 1, _ResultSize: 38967, Controller: Brown Lab 192.168.0.227, Username: Richard Brown, _LineMap: <non-comparable key value>, Auto-Upload Results: yes, _ConSoftwareVer: cu3.22:i21, _TestRunID: null, _SetupTS: 1511bb97c98_1.cnssetup, _ConUniqueID: 00:2:b3:cd:82:23, Status: Unverified   TRANSIENT: index: 5271 source: cenes.tnt.filter.Archive@45a4730a
0.0,DIGITAL_IN,TrayReport,-1,null
0.0,PROGRAM,START,14220,14220
0.0,BLOCK,START,1,null
0.0,PROGRAMMATIC,FIEvent,-1,null
1453.5,DIGITAL_IN,ChoiceWallIR,-1,null
1537.461,DIGITAL_IN,ChoiceWallIR,0,null
1593.436,DIGITAL_IN,ChoiceWallIR,-1,null
1809.338,DIGITAL_IN,ChoiceWallIR,0,null
1857.317,DIGITAL_IN,ChoiceWallIR,-1,null
1921.287,DIGITAL_IN,ChoiceWallIR,0,null
2025.24,DIGITAL_IN,ChoiceWallIR,-1,null
2453.047,DIGITAL_IN,ChoiceWallIR,0,null
4352.187,DIGITAL_IN,Hole5NP,-1,null
4476.131,DIGITAL_IN,Hole5NP,0,null
4512.114,DIGITAL_IN,ChoiceWallIR,-1,null
4935.922,DIGITAL_IN,Hole5NP,-1,null
5091.852,DIGITAL_IN,Hole5NP,0,null
5843.511,DIGITAL_IN,ChoiceWallIR,0,null
6827.066,DIGITAL_IN,ChoiceWallIR,-1,null
6936.016,DIGITAL_IN,ChoiceWallIR,0,null
7035.971,DIGITAL_IN,ChoiceWallIR,-1,null
8731.203,DIGITAL_IN,ChoiceWallIR,0,null
8847.151,DIGITAL_IN,ChoiceWallIR,-1,null
9282.954,DIGITAL_IN,ChoiceWallIR,0,null
10354.468,DIGITAL_IN,Hole5NP,-1,null
10458.421,DIGITAL_IN,Hole5NP,0,null
11242.066,DIGITAL_IN,ChoiceWallIR,-1,null
11362.012,DIGITAL_IN,Hole5NP,-1,null
11386.001,DIGITAL_IN,ChoiceWallIR,0,null
11585.91,DIGITAL_IN,Hole5NP,0,null
11737.841,DIGITAL_IN,ChoiceWallIR,-1,null
12505.494,DIGITAL_IN,ChoiceWallIR,0,null
12697.407,DIGITAL_IN,Hole5NP,-1,null
12861.333,DIGITAL_IN,Hole5NP,0,null
13109.22,DIGITAL_IN,Hole6NP,-1,null
13237.162,DIGITAL_IN,Hole6NP,0,null
13261.152,DIGITAL_IN,ChoiceWallIR,-1,null
13426.077,DIGITAL_IN,ChoiceWallIR,0,null
13909.858,DIGITAL_IN,ChoiceWallIR,-1,null
14293.684,DIGITAL_IN,Hole5NP,-1,null
14305.678,DIGITAL_IN,ChoiceWallIR,0,null
14357.655,DIGITAL_IN,ChoiceWallIR,-1,null
14413.63,DIGITAL_IN,Hole5NP,0,null
15000.0,PROGRAMMATIC,FITimerEvent,-1,null
15529.124,DIGITAL_IN,Hole5NP,-1,null
15529.124,PROGRAMMATIC,Hole5Event,-1,null
15617.085,DIGITAL_IN,ChoiceWallIR,0,null
15665.063,DIGITAL_IN,Hole5NP,0,null
15781.011,DIGITAL_IN,ChoiceWallIR,-1,null
15876.967,DIGITAL_IN,ChoiceWallIR,0,null
15908.952,DIGITAL_IN,ChoiceWallIR,-1,null
16112.86,DIGITAL_IN,ChoiceWallIR,0,null
16192.824,DIGITAL_IN,TrayWallIR,-1,null
16729.124,PROGRAMMATIC,FeederTimerEvent,-1,null
16729.124,ALWAYS,ITI,-1,null
26562.127,DIGITAL_IN,TrayWallIR,0,null
28125.419,DIGITAL_IN,TrayWallIR,-1,null
29840.643,DIGITAL_IN,TrayWallIR,0,null
30552.32,DIGITAL_IN,ChoiceWallIR,-1,null
31060.09,DIGITAL_IN,ChoiceWallIR,0,null
31140.054,DIGITAL_IN,ChoiceWallIR,-1,null
31931.695,DIGITAL_IN,ChoiceWallIR,0,null
32227.561,DIGITAL_IN,ChoiceWallIR,-1,null
32231.561,DIGITAL_IN,ChoiceWallIR,0,null
32291.532,DIGITAL_IN,ChoiceWallIR,-1,null
32299.529,DIGITAL_IN,ChoiceWallIR,0,null
32307.525,DIGITAL_IN,ChoiceWallIR,-1,null
33715.887,DIGITAL_IN,ChoiceWallIR,0,null
36729.124,PROGRAMMATIC,ITITimerEvent,-1,null
40477.825,DIGITAL_IN,ChoiceWallIR,-1,null
40825.668,DIGITAL_IN,ChoiceWallIR,0,null
40981.597,DIGITAL_IN,ChoiceWallIR,-1,null
41403.124,PROGRAMMATIC,RandITITimerEvent,-1,null
41403.124,PROGRAMMATIC,PIEvent,-1,null
41809.222,DIGITAL_IN,Hole5NP,-1,null
41965.151,DIGITAL_IN,Hole5NP,0,null
42556.883,DIGITAL_IN,ChoiceWallIR,0,null
42952.704,DIGITAL_IN,ChoiceWallIR,-1,null
43272.559,DIGITAL_IN,Hole5NP,-1,null
43292.55,DIGITAL_IN,Hole5NP,0,null
44671.925,DIGITAL_IN,ChoiceWallIR,0,null
44759.885,DIGITAL_IN,ChoiceWallIR,-1,null
44803.866,DIGITAL_IN,ChoiceWallIR,0,null
46656.027,DIGITAL_IN,TrayWallIR,-1,null
49866.573,DIGITAL_IN,TrayWallIR,0,null
50938.087,DIGITAL_IN,TrayWallIR,-1,null
51149.991,DIGITAL_IN,TrayWallIR,0,null
51413.872,DIGITAL_IN,ChoiceWallIR,-1,null
51709.738,DIGITAL_IN,ChoiceWallIR,0,null
51837.68,DIGITAL_IN,ChoiceWallIR,-1,null
52221.506,DIGITAL_IN,ChoiceWallIR,0,null
52293.473,DIGITAL_IN,Hole5NP,-1,null
52297.473,DIGITAL_IN,ChoiceWallIR,-1,null
52445.405,DIGITAL_IN,Hole5NP,0,null
52998.154,DIGITAL_IN,Hole5NP,-1,null
53202.062,DIGITAL_IN,Hole5NP,0,null
54245.589,DIGITAL_IN,Hole5NP,-1,null
54293.567,DIGITAL_IN,Hole5NP,0,null
54325.553,DIGITAL_IN,Hole5NP,-1,null
54593.432,DIGITAL_IN,Hole5NP,0,null
55049.225,DIGITAL_IN,Hole5NP,-1,null
55285.118,DIGITAL_IN,Hole5NP,0,null
57508.112,DIGITAL_IN,ChoiceWallIR,0,null
57632.055,DIGITAL_IN,Hole5NP,-1,null
57712.019,DIGITAL_IN,Hole5NP,0,null
57999.889,DIGITAL_IN,Hole5NP,-1,null
58275.764,DIGITAL_IN,Hole5NP,0,null
58955.456,DIGITAL_IN,Hole5NP,-1,null
59144.371,DIGITAL_IN,Hole5NP,0,null
59368.269,DIGITAL_IN,ChoiceWallIR,-1,null
59900.028,DIGITAL_IN,ChoiceWallIR,0,null
60003.982,DIGITAL_IN,ChoiceWallIR,-1,null
60955.55,DIGITAL_IN,ChoiceWallIR,0,null
61187.445,DIGITAL_IN,Hole5NP,-1,null
61535.288,DIGITAL_IN,Hole5NP,0,null
61551.28,DIGITAL_IN,Hole5NP,-1,null
61943.103,DIGITAL_IN,Hole5NP,0,null
62282.949,DIGITAL_IN,ChoiceWallIR,-1,null
62546.829,DIGITAL_IN,Hole6NP,-1,null
62850.692,DIGITAL_IN,Hole6NP,0,null
63350.466,DIGITAL_IN,Hole5NP,-1,null
63390.448,DIGITAL_IN,Hole5NP,0,null
63786.268,DIGITAL_IN,ChoiceWallIR,0,null
64146.105,DIGITAL_IN,ChoiceWallIR,-1,null
64150.105,DIGITAL_IN,ChoiceWallIR,0,null
64405.987,DIGITAL_IN,ChoiceWallIR,-1,null
67065.783,DIGITAL_IN,ChoiceWallIR,0,null
67097.768,DIGITAL_IN,ChoiceWallIR,-1,null
67101.768,DIGITAL_IN,ChoiceWallIR,0,null
67645.52,DIGITAL_IN,Hole5NP,-1,null
67749.473,DIGITAL_IN,Hole5NP,0,null
67977.37,DIGITAL_IN,ChoiceWallIR,-1,null
69032.892,DIGITAL_IN,Hole5NP,-1,null
69292.774,DIGITAL_IN,Hole5NP,0,null
69376.736,DIGITAL_IN,Hole5NP,-1,null
69396.727,DIGITAL_IN,ChoiceWallIR,0,null
69456.7,DIGITAL_IN,Hole5NP,0,null
69760.562,DIGITAL_IN,Hole5NP,-1,null
70080.417,DIGITAL_IN,Hole5NP,0,null
70108.405,DIGITAL_IN,Hole5NP,-1,null
70156.383,DIGITAL_IN,Hole5NP,0,null
70184.37,DIGITAL_IN,Hole5NP,-1,null
70288.323,DIGITAL_IN,Hole5NP,0,null
70924.035,DIGITAL_IN,ChoiceWallIR,-1,null
70932.032,DIGITAL_IN,ChoiceWallIR,0,null
70944.026,DIGITAL_IN,ChoiceWallIR,-1,null
73983.65,DIGITAL_IN,Hole5NP,-1,null
74487.422,DIGITAL_IN,Hole5NP,0,null
76130.677,DIGITAL_IN,Hole5NP,-1,null
76378.565,DIGITAL_IN,Hole5NP,0,null
76618.456,DIGITAL_IN,ChoiceWallIR,0,null
76886.335,DIGITAL_IN,ChoiceWallIR,-1,null
78505.602,DIGITAL_IN,Hole5NP,-1,null
78573.571,DIGITAL_IN,Hole5NP,0,null
78734.498,DIGITAL_IN,ChoiceWallIR,0,null
79046.357,DIGITAL_IN,Hole5NP,-1,null
79558.125,DIGITAL_IN,Hole5NP,0,null
79654.081,DIGITAL_IN,ChoiceWallIR,-1,null
79806.013,DIGITAL_IN,ChoiceWallIR,0,null
80049.902,DIGITAL_IN,ChoiceWallIR,-1,null
80057.899,DIGITAL_IN,ChoiceWallIR,0,null
80065.895,DIGITAL_IN,ChoiceWallIR,-1,null
80477.708,DIGITAL_IN,Hole5NP,-1,null
80665.623,DIGITAL_IN,Hole5NP,0,null
81477.256,DIGITAL_IN,ChoiceWallIR,0,null
82480.801,DIGITAL_IN,Hole5NP,-1,null
82948.589,DIGITAL_IN,Hole5NP,0,null
83420.376,DIGITAL_IN,Hole5NP,-1,null
83788.209,DIGITAL_IN,Hole5NP,0,null
84016.106,DIGITAL_IN,Hole6NP,-1,null
84052.09,DIGITAL_IN,Hole6NP,0,null
84411.927,DIGITAL_IN,ChoiceWallIR,-1,null
84583.849,DIGITAL_IN,ChoiceWallIR,0,null
84695.798,DIGITAL_IN,ChoiceWallIR,-1,null
85243.55,DIGITAL_IN,ChoiceWallIR,0,null
85284.531,DIGITAL_IN,ChoiceWallIR,-1,null
86403.124,PROGRAMMATIC,PITimerEvent,-1,null
86403.124,ALWAYS,ITI,-1,null
87323.608,DIGITAL_IN,ChoiceWallIR,0,null
89382.675,DIGITAL_IN,ChoiceWallIR,-1,null
89394.67,DIGITAL_IN,ChoiceWallIR,0,null
89398.669,DIGITAL_IN,ChoiceWallIR,-1,null
89574.588,DIGITAL_IN,ChoiceWallIR,0,null
89758.505,DIGITAL_IN,ChoiceWallIR,-1,null
89778.496,DIGITAL_IN,ChoiceWallIR,0,null
92410.304,DIGITAL_IN,ChoiceWallIR,-1,null
92430.295,DIGITAL_IN,ChoiceWallIR,0,null
92638.201,DIGITAL_IN,TrayWallIR,-1,null
92646.197,DIGITAL_IN,TrayWallIR,0,null
97204.133,DIGITAL_IN,ChoiceWallIR,-1,null
97216.127,DIGITAL_IN,ChoiceWallIR,0,null
97899.818,DIGITAL_IN,ChoiceWallIR,-1,null
97927.805,DIGITAL_IN,ChoiceWallIR,0,null
99831.943,DIGITAL_IN,ChoiceWallIR,-1,null
100303.729,DIGITAL_IN,ChoiceWallIR,0,null
100391.689,DIGITAL_IN,ChoiceWallIR,-1,null
103734.175,DIGITAL_IN,ChoiceWallIR,0,null
103790.15,DIGITAL_IN,ChoiceWallIR,-1,null
103822.136,DIGITAL_IN,ChoiceWallIR,0,null
104309.915,DIGITAL_IN,ChoiceWallIR,-1,null
104345.898,DIGITAL_IN,ChoiceWallIR,0,null
104353.895,DIGITAL_IN,ChoiceWallIR,-1,null
105454.396,DIGITAL_IN,ChoiceWallIR,0,null
105674.297,DIGITAL_IN,ChoiceWallIR,-1,null
106403.124,PROGRAMMATIC,ITITimerEvent,-1,null
106452.124,PROGRAMMATIC,RandITITimerEvent,-1,null
106452.124,PROGRAMMATIC,PIEvent,-1,null
107857.308,DIGITAL_IN,ChoiceWallIR,0,null
108533.002,DIGITAL_IN,Hole5NP,-1,null
109160.718,DIGITAL_IN,Hole5NP,0,null
109380.618,DIGITAL_IN,ChoiceWallIR,-1,null
109448.587,DIGITAL_IN,ChoiceWallIR,0,null
109504.562,DIGITAL_IN,ChoiceWallIR,-1,null
109524.553,DIGITAL_IN,ChoiceWallIR,0,null
110088.297,DIGITAL_IN,ChoiceWallIR,-1,null
110296.203,DIGITAL_IN,ChoiceWallIR,0,null
111275.76,DIGITAL_IN,ChoiceWallIR,-1,null
112532.191,DIGITAL_IN,Hole5NP,-1,null
112568.174,DIGITAL_IN,Hole5NP,0,null
113643.687,DIGITAL_IN,Hole5NP,-1,null
113831.602,DIGITAL_IN,Hole5NP,0,null
114631.24,DIGITAL_IN,Hole5NP,-1,null
115170.995,DIGITAL_IN,Hole5NP,0,null
115470.86,DIGITAL_IN,Hole5NP,-1,null
115838.693,DIGITAL_IN,Hole5NP,0,null
116714.297,DIGITAL_IN,Hole5NP,-1,null
117026.155,DIGITAL_IN,Hole5NP,0,null
117829.791,DIGITAL_IN,ChoiceWallIR,0,null
118022.704,DIGITAL_IN,ChoiceWallIR,-1,null
118346.557,DIGITAL_IN,Hole6NP,-1,null
118394.535,DIGITAL_IN,Hole6NP,0,null
118990.269,DIGITAL_IN,Hole5NP,-1,null
119470.048,DIGITAL_IN,Hole5NP,0,null
119566.005,DIGITAL_IN,Hole5NP,-1,null
119925.842,DIGITAL_IN,Hole5NP,0,null
120281.681,DIGITAL_IN,Hole6NP,-1,null
120549.559,DIGITAL_IN,Hole6NP,0,null
120777.456,DIGITAL_IN,Hole5NP,-1,null
121369.188,DIGITAL_IN,Hole5NP,0,null
122148.835,DIGITAL_IN,ChoiceWallIR,0,null
122380.73,DIGITAL_IN,ChoiceWallIR,-1,null
122920.486,DIGITAL_IN,Hole5NP,-1,null
123024.439,DIGITAL_IN,Hole5NP,0,null
125304.406,DIGITAL_IN,Hole5NP,-1,null
125588.277,DIGITAL_IN,Hole5NP,0,null
126128.033,DIGITAL_IN,ChoiceWallIR,0,null
126255.975,DIGITAL_IN,ChoiceWallIR,-1,null
126291.959,DIGITAL_IN,ChoiceWallIR,0,null
126323.944,DIGITAL_IN,ChoiceWallIR,-1,null
126575.83,DIGITAL_IN,ChoiceWallIR,0,null
126627.807,DIGITAL_IN,ChoiceWallIR,-1,null
127479.421,DIGITAL_IN,ChoiceWallIR,0,null
129510.501,DIGITAL_IN,ChoiceWallIR,-1,null
130274.155,DIGITAL_IN,ChoiceWallIR,0,null
130322.133,DIGITAL_IN,Hole5NP,-1,null
130366.113,DIGITAL_IN,Hole5NP,0,null
131070.794,DIGITAL_IN,Hole5NP,-1,null
131490.604,DIGITAL_IN,Hole5NP,0,null
133125.863,DIGITAL_IN,Hole5NP,-1,null
133669.617,DIGITAL_IN,Hole5NP,0,null
134077.433,DIGITAL_IN,ChoiceWallIR,-1,null
134845.085,DIGITAL_IN,Hole5NP,-1,null
134933.045,DIGITAL_IN,Hole5NP,0,null
136804.198,DIGITAL_IN,Hole5NP,-1,null
136828.187,DIGITAL_IN,ChoiceWallIR,0,null
136840.181,DIGITAL_IN,ChoiceWallIR,-1,null
137355.948,DIGITAL_IN,Hole5NP,0,null
138620.375,DIGITAL_IN,ChoiceWallIR,0,null
140279.624,DIGITAL_IN,ChoiceWallIR,-1,null
140527.511,DIGITAL_IN,ChoiceWallIR,0,null
147433.384,DIGITAL_IN,TrayWallIR,-1,null
148392.949,DIGITAL_IN,TrayWallIR,0,null
148692.813,DIGITAL_IN,TrayWallIR,-1,null
148704.808,DIGITAL_IN,TrayWallIR,0,null
148724.799,DIGITAL_IN,TrayWallIR,-1,null
151452.124,PROGRAMMATIC,PITimerEvent,-1,null
151452.124,ALWAYS,ITI,-1,null
151644.476,DIGITAL_IN,TrayWallIR,0,null
151864.377,DIGITAL_IN,TrayWallIR,-1,null
151908.357,DIGITAL_IN,TrayWallIR,0,null
151964.331,DIGITAL_IN,TrayWallIR,-1,null
152060.288,DIGITAL_IN,TrayWallIR,0,null
162724.458,DIGITAL_IN,TrayWallIR,-1,null
162920.369,DIGITAL_IN,TrayWallIR,0,null
164432.684,DIGITAL_IN,ChoiceWallIR,-1,null
164760.536,DIGITAL_IN,Hole5NP,-1,null
164812.512,DIGITAL_IN,Hole5NP,0,null
165508.197,DIGITAL_IN,ChoiceWallIR,0,null
167067.491,DIGITAL_IN,ChoiceWallIR,-1,null
167707.202,DIGITAL_IN,ChoiceWallIR,0,null
167867.129,DIGITAL_IN,ChoiceWallIR,-1,null
167959.087,DIGITAL_IN,ChoiceWallIR,0,null
168758.725,DIGITAL_IN,TrayWallIR,-1,null
169098.571,DIGITAL_IN,TrayWallIR,0,null
171452.124,PROGRAMMATIC,ITITimerEvent,-1,null
172082.22,DIGITAL_IN,TrayWallIR,-1,null
172793.897,DIGITAL_IN,TrayWallIR,0,null
177408.807,DIGITAL_IN,TrayWallIR,-1,null
177449.124,PROGRAMMATIC,RandITITimerEvent,-1,null
177449.124,PROGRAMMATIC,PIEvent,-1,null
180767.286,DIGITAL_IN,TrayWallIR,0,null
183786.919,DIGITAL_IN,TrayWallIR,-1,null
183894.87,DIGITAL_IN,TrayWallIR,0,null
183958.841,DIGITAL_IN,TrayWallIR,-1,null
184594.553,DIGITAL_IN,TrayWallIR,0,null
184698.506,DIGITAL_IN,TrayWallIR,-1,null
184738.488,DIGITAL_IN,TrayWallIR,0,null
185186.285,DIGITAL_IN,TrayWallIR,-1,null
187337.312,DIGITAL_IN,TrayWallIR,0,null
188916.595,DIGITAL_IN,ChoiceWallIR,-1,null
189248.445,DIGITAL_IN,ChoiceWallIR,0,null
189913.144,DIGITAL_IN,Hole5NP,-1,null
190217.006,DIGITAL_IN,Hole5NP,0,null
190416.916,DIGITAL_IN,ChoiceWallIR,-1,null
191112.601,DIGITAL_IN,ChoiceWallIR,0,null
191708.331,DIGITAL_IN,Hole5NP,-1,null
192000.199,DIGITAL_IN,Hole5NP,0,null
192216.101,DIGITAL_IN,ChoiceWallIR,-1,null
192515.965,DIGITAL_IN,ChoiceWallIR,0,null
194047.272,DIGITAL_IN,Hole5NP,-1,null
194271.17,DIGITAL_IN,Hole5NP,0,null
194375.123,DIGITAL_IN,ChoiceWallIR,-1,null
195482.621,DIGITAL_IN,ChoiceWallIR,0,null
195502.612,DIGITAL_IN,Hole5NP,-1,null
195718.515,DIGITAL_IN,Hole5NP,0,null
196395.209,DIGITAL_IN,ChoiceWallIR,-1,null
196419.197,DIGITAL_IN,ChoiceWallIR,0,null
196583.123,DIGITAL_IN,ChoiceWallIR,-1,null
196595.118,DIGITAL_IN,ChoiceWallIR,0,null
196683.078,DIGITAL_IN,ChoiceWallIR,-1,null
197434.737,DIGITAL_IN,Hole5NP,-1,null
197814.565,DIGITAL_IN,Hole5NP,0,null
197838.555,DIGITAL_IN,Hole5NP,-1,null
198318.337,DIGITAL_IN,Hole5NP,0,null
198746.143,DIGITAL_IN,ChoiceWallIR,0,null
199965.591,DIGITAL_IN,Hole5NP,-1,null
200053.551,DIGITAL_IN,Hole5NP,0,null
201129.064,DIGITAL_IN,Hole5NP,-1,null
201205.03,DIGITAL_IN,Hole5NP,0,null
201748.784,DIGITAL_IN,ChoiceWallIR,-1,null
201816.753,DIGITAL_IN,ChoiceWallIR,0,null
203688.905,DIGITAL_IN,Hole5NP,-1,null
203944.789,DIGITAL_IN,Hole5NP,0,null
204052.74,DIGITAL_IN,ChoiceWallIR,-1,null
204124.707,DIGITAL_IN,ChoiceWallIR,0,null
204400.582,DIGITAL_IN,Hole5NP,-1,null
204568.506,DIGITAL_IN,Hole5NP,0,null
205891.907,DIGITAL_IN,ChoiceWallIR,-1,null
206359.695,DIGITAL_IN,ChoiceWallIR,0,null
206423.666,DIGITAL_IN,Hole5NP,-1,null
206639.568,DIGITAL_IN,Hole5NP,0,null
206915.443,DIGITAL_IN,ChoiceWallIR,-1,null
207275.28,DIGITAL_IN,ChoiceWallIR,0,null
207499.179,DIGITAL_IN,ChoiceWallIR,-1,null
212022.131,DIGITAL_IN,ChoiceWallIR,0,null
212166.065,DIGITAL_IN,ChoiceWallIR,-1,null
212178.06,DIGITAL_IN,ChoiceWallIR,0,null
215100.736,DIGITAL_IN,ChoiceWallIR,-1,null
215124.725,DIGITAL_IN,ChoiceWallIR,0,null
215216.684,DIGITAL_IN,ChoiceWallIR,-1,null
215224.68,DIGITAL_IN,ChoiceWallIR,0,null
215780.428,DIGITAL_IN,Hole5NP,-1,null
216313.187,DIGITAL_IN,Hole5NP,0,null
217280.749,DIGITAL_IN,Hole5NP,-1,null
217816.506,DIGITAL_IN,Hole5NP,0,null
219327.822,DIGITAL_IN,ChoiceWallIR,-1,null
219663.67,DIGITAL_IN,ChoiceWallIR,0,null
219971.53,DIGITAL_IN,TrayWallIR,-1,null
222449.124,PROGRAMMATIC,PITimerEvent,-1,null
222449.124,ALWAYS,ITI,-1,null
223574.898,DIGITAL_IN,TrayWallIR,0,null
225418.063,DIGITAL_IN,TrayWallIR,-1,null
225422.063,DIGITAL_IN,TrayWallIR,0,null
225450.049,DIGITAL_IN,TrayWallIR,-1,null
228076.859,DIGITAL_IN,TrayWallIR,0,null
228440.694,DIGITAL_IN,TrayWallIR,-1,null
228844.511,DIGITAL_IN,TrayWallIR,0,null
229329.292,DIGITAL_IN,ChoiceWallIR,-1,null
231448.332,DIGITAL_IN,ChoiceWallIR,0,null
231480.318,DIGITAL_IN,ChoiceWallIR,-1,null
231500.309,DIGITAL_IN,ChoiceWallIR,0,null
231556.283,DIGITAL_IN,ChoiceWallIR,-1,null
231776.184,DIGITAL_IN,ChoiceWallIR,0,null
232180.001,DIGITAL_IN,ChoiceWallIR,-1,null
232195.994,DIGITAL_IN,ChoiceWallIR,0,null
232295.948,DIGITAL_IN,ChoiceWallIR,-1,null
232951.651,DIGITAL_IN,ChoiceWallIR,0,null
233063.601,DIGITAL_IN,ChoiceWallIR,-1,null
233867.237,DIGITAL_IN,ChoiceWallIR,0,null
234259.059,DIGITAL_IN,ChoiceWallIR,-1,null
234295.043,DIGITAL_IN,ChoiceWallIR,0,null
236071.239,DIGITAL_IN,ChoiceWallIR,-1,null
236479.054,DIGITAL_IN,ChoiceWallIR,0,null
236515.037,DIGITAL_IN,ChoiceWallIR,-1,null
236523.034,DIGITAL_IN,ChoiceWallIR,0,null
236674.965,DIGITAL_IN,TrayWallIR,-1,null
237278.692,DIGITAL_IN,TrayWallIR,0,null
237330.668,DIGITAL_IN,TrayWallIR,-1,null
237498.592,DIGITAL_IN,TrayWallIR,0,null
237502.591,DIGITAL_IN,TrayWallIR,-1,null
237518.583,DIGITAL_IN,TrayWallIR,0,null
237574.558,DIGITAL_IN,TrayWallIR,-1,null
237686.508,DIGITAL_IN,TrayWallIR,0,null
242285.424,DIGITAL_IN,TrayWallIR,-1,null
242449.124,PROGRAMMATIC,ITITimerEvent,-1,null
243057.074,DIGITAL_IN,TrayWallIR,0,null
243852.714,DIGITAL_IN,TrayWallIR,-1,null
243888.698,DIGITAL_IN,TrayWallIR,0,null
247012.124,PROGRAMMATIC,RandITITimerEvent,-1,null
247012.124,PROGRAMMATIC,FIEvent,-1,null
248426.643,DIGITAL_IN,TrayWallIR,-1,null
248935.413,DIGITAL_IN,TrayWallIR,0,null
249447.18,DIGITAL_IN,ChoiceWallIR,-1,null
251102.431,DIGITAL_IN,ChoiceWallIR,0,null
251142.412,DIGITAL_IN,ChoiceWallIR,-1,null
251170.4,DIGITAL_IN,ChoiceWallIR,0,null
251278.351,DIGITAL_IN,ChoiceWallIR,-1,null
252193.939,DIGITAL_IN,Hole5NP,-1,null
252417.835,DIGITAL_IN,Hole5NP,0,null
253433.375,DIGITAL_IN,ChoiceWallIR,0,null
253797.21,DIGITAL_IN,ChoiceWallIR,-1,null
254189.033,DIGITAL_IN,Hole5NP,-1,null
254516.884,DIGITAL_IN,Hole5NP,0,null
254960.683,DIGITAL_IN,Hole5NP,-1,null
255173.587,DIGITAL_IN,Hole5NP,0,null
255421.475,DIGITAL_IN,Hole6NP,-1,null
255721.339,DIGITAL_IN,Hole6NP,0,null
255797.304,DIGITAL_IN,ChoiceWallIR,0,null
256253.098,DIGITAL_IN,Hole5NP,-1,null
256345.056,DIGITAL_IN,Hole5NP,0,null
257256.643,DIGITAL_IN,ChoiceWallIR,-1,null
258919.89,DIGITAL_IN,ChoiceWallIR,0,null
258971.866,DIGITAL_IN,ChoiceWallIR,-1,null
259027.841,DIGITAL_IN,ChoiceWallIR,0,null
259131.794,DIGITAL_IN,ChoiceWallIR,-1,null
259135.793,DIGITAL_IN,ChoiceWallIR,0,null
259619.573,DIGITAL_IN,TrayWallIR,-1,null
259851.468,DIGITAL_IN,TrayWallIR,0,null
260295.267,DIGITAL_IN,ChoiceWallIR,-1,null
260867.008,DIGITAL_IN,ChoiceWallIR,0,null
260886.999,DIGITAL_IN,Hole5NP,-1,null
261414.76,DIGITAL_IN,Hole5NP,0,null
261574.688,DIGITAL_IN,Hole5NP,-1,null
261719.622,DIGITAL_IN,Hole5NP,0,null
262012.124,PROGRAMMATIC,FITimerEvent,-1,null
263630.756,DIGITAL_IN,Hole5NP,-1,null
263630.756,PROGRAMMATIC,Hole5Event,-1,null
263918.626,DIGITAL_IN,Hole5NP,0,null
264034.574,DIGITAL_IN,ChoiceWallIR,-1,null
264066.559,DIGITAL_IN,ChoiceWallIR,0,null
264114.537,DIGITAL_IN,ChoiceWallIR,-1,null
264346.432,DIGITAL_IN,ChoiceWallIR,0,null
264474.374,DIGITAL_IN,TrayWallIR,-1,null
264830.756,PROGRAMMATIC,FeederTimerEvent,-1,null
264830.756,ALWAYS,ITI,-1,null
282397.257,DIGITAL_IN,TrayWallIR,0,null
282541.192,DIGITAL_IN,TrayWallIR,-1,null
282553.186,DIGITAL_IN,TrayWallIR,0,null
284830.756,PROGRAMMATIC,ITITimerEvent,-1,null
288160.756,PROGRAMMATIC,RandITITimerEvent,-1,null
288160.756,PROGRAMMATIC,FIEvent,-1,null
292049.885,DIGITAL_IN,TrayWallIR,-1,null
292265.787,DIGITAL_IN,TrayWallIR,0,null
294092.96,DIGITAL_IN,ChoiceWallIR,-1,null
294533.76,DIGITAL_IN,Hole5NP,-1,null
294613.724,DIGITAL_IN,Hole5NP,0,null
295157.478,DIGITAL_IN,Hole5NP,-1,null
295405.365,DIGITAL_IN,Hole5NP,0,null
295877.152,DIGITAL_IN,ChoiceWallIR,0,null
295885.148,DIGITAL_IN,Hole5NP,-1,null
296220.996,DIGITAL_IN,Hole5NP,0,null
298404.007,DIGITAL_IN,ChoiceWallIR,-1,null
298479.973,DIGITAL_IN,ChoiceWallIR,0,null
299295.603,DIGITAL_IN,Hole5NP,-1,null
300167.209,DIGITAL_IN,Hole5NP,0,null
300951.853,DIGITAL_IN,ChoiceWallIR,-1,null
302095.336,DIGITAL_IN,Hole5NP,-1,null
302111.328,DIGITAL_IN,ChoiceWallIR,0,null
302155.308,DIGITAL_IN,Hole5NP,0,null
302203.287,DIGITAL_IN,Hole5NP,-1,null
302411.192,DIGITAL_IN,Hole5NP,0,null
302435.181,DIGITAL_IN,Hole5NP,-1,null
302475.163,DIGITAL_IN,Hole5NP,0,null
302699.062,DIGITAL_IN,Hole5NP,-1,null
302942.952,DIGITAL_IN,Hole5NP,0,null
302974.937,DIGITAL_IN,ChoiceWallIR,-1,null
303130.866,DIGITAL_IN,ChoiceWallIR,0,null
303160.756,PROGRAMMATIC,FITimerEvent,-1,null
303250.812,DIGITAL_IN,ChoiceWallIR,-1,null
303426.732,DIGITAL_IN,ChoiceWallIR,0,null
304086.434,DIGITAL_IN,ChoiceWallIR,-1,null
304114.421,DIGITAL_IN,ChoiceWallIR,0,null
304154.403,DIGITAL_IN,ChoiceWallIR,-1,null
304210.377,DIGITAL_IN,ChoiceWallIR,0,null
304222.372,DIGITAL_IN,ChoiceWallIR,-1,null
304234.367,DIGITAL_IN,ChoiceWallIR,0,null
304262.354,DIGITAL_IN,ChoiceWallIR,-1,null
304494.249,DIGITAL_IN,ChoiceWallIR,0,null
304562.218,DIGITAL_IN,Hole5NP,-1,null
304562.218,PROGRAMMATIC,Hole5Event,-1,null
304598.202,DIGITAL_IN,Hole5NP,0,null
304782.119,DIGITAL_IN,ChoiceWallIR,-1,null
305053.995,DIGITAL_IN,ChoiceWallIR,0,null
305201.928,DIGITAL_IN,TrayWallIR,-1,null
305762.218,PROGRAMMATIC,FeederTimerEvent,-1,null
305762.218,ALWAYS,ITI,-1,null
318473.917,DIGITAL_IN,TrayWallIR,0,null
319061.651,DIGITAL_IN,TrayWallIR,-1,null
319093.637,DIGITAL_IN,TrayWallIR,0,null
319357.517,DIGITAL_IN,TrayWallIR,-1,null
319521.443,DIGITAL_IN,TrayWallIR,0,null
319545.432,DIGITAL_IN,TrayWallIR,-1,null
319553.428,DIGITAL_IN,TrayWallIR,0,null
319601.407,DIGITAL_IN,TrayWallIR,-1,null
321033.758,DIGITAL_IN,TrayWallIR,0,null
321429.579,DIGITAL_IN,TrayWallIR,-1,null
321513.541,DIGITAL_IN,TrayWallIR,0,null
321565.517,DIGITAL_IN,ChoiceWallIR,-1,null
321993.323,DIGITAL_IN,ChoiceWallIR,0,null
322641.03,DIGITAL_IN,Hole5NP,-1,null
322760.976,DIGITAL_IN,Hole5NP,0,null
325762.218,PROGRAMMATIC,ITITimerEvent,-1,null
326771.218,PROGRAMMATIC,RandITITimerEvent,-1,null
326771.218,PROGRAMMATIC,FIEvent,-1,null
331174.165,DIGITAL_IN,Hole4NP,-1,null
331210.149,DIGITAL_IN,Hole4NP,0,null
332021.781,DIGITAL_IN,Hole5NP,-1,null
332081.754,DIGITAL_IN,Hole5NP,0,null
335689.12,DIGITAL_IN,Hole5NP,-1,null
336184.896,DIGITAL_IN,Hole5NP,0,null
337208.432,DIGITAL_IN,ChoiceWallIR,-1,null
337612.249,DIGITAL_IN,ChoiceWallIR,0,null
339139.558,DIGITAL_IN,Hole5NP,-1,null
339207.527,DIGITAL_IN,Hole5NP,0,null
339491.398,DIGITAL_IN,Hole5NP,-1,null
339607.346,DIGITAL_IN,Hole5NP,0,null
340399.987,DIGITAL_IN,ChoiceWallIR,-1,null
341007.712,DIGITAL_IN,ChoiceWallIR,0,null
341651.42,DIGITAL_IN,Hole5NP,-1,null
341771.218,PROGRAMMATIC,FITimerEvent,-1,null
342331.113,DIGITAL_IN,Hole5NP,0,null
342551.013,DIGITAL_IN,ChoiceWallIR,-1,null
345077.868,DIGITAL_IN,ChoiceWallIR,0,null
345101.858,DIGITAL_IN,ChoiceWallIR,-1,null
345285.774,DIGITAL_IN,ChoiceWallIR,0,null
345417.714,DIGITAL_IN,TrayWallIR,-1,null
346509.22,DIGITAL_IN,TrayWallIR,0,null
346557.198,DIGITAL_IN,TrayWallIR,-1,null
346578.189,DIGITAL_IN,TrayWallIR,0,null
346610.174,DIGITAL_IN,TrayWallIR,-1,null
346618.171,DIGITAL_IN,TrayWallIR,0,null
347057.971,DIGITAL_IN,ChoiceWallIR,-1,null
347073.964,DIGITAL_IN,ChoiceWallIR,0,null
347213.901,DIGITAL_IN,ChoiceWallIR,-1,null
347225.895,DIGITAL_IN,ChoiceWallIR,0,null
347373.828,DIGITAL_IN,ChoiceWallIR,-1,null
347461.788,DIGITAL_IN,Hole5NP,-1,null
347461.788,PROGRAMMATIC,Hole5Event,-1,null
347509.767,DIGITAL_IN,Hole5NP,0,null
347593.729,DIGITAL_IN,ChoiceWallIR,0,null
347637.709,DIGITAL_IN,ChoiceWallIR,-1,null
347645.705,DIGITAL_IN,ChoiceWallIR,0,null
347753.656,DIGITAL_IN,ChoiceWallIR,-1,null
347781.644,DIGITAL_IN,ChoiceWallIR,0,null
347833.62,DIGITAL_IN,ChoiceWallIR,-1,null
347837.619,DIGITAL_IN,ChoiceWallIR,0,null
347933.575,DIGITAL_IN,ChoiceWallIR,-1,null
348077.51,DIGITAL_IN,ChoiceWallIR,0,null
348181.463,DIGITAL_IN,TrayWallIR,-1,null
348661.788,PROGRAMMATIC,FeederTimerEvent,-1,null
348661.788,ALWAYS,ITI,-1,null
366860.003,DIGITAL_IN,TrayWallIR,0,null
368661.788,PROGRAMMATIC,ITITimerEvent,-1,null
369023.023,DIGITAL_IN,TrayWallIR,-1,null
369094.991,DIGITAL_IN,TrayWallIR,0,null
374816.788,PROGRAMMATIC,RandITITimerEvent,-1,null
374816.788,PROGRAMMATIC,FIEvent,-1,null
379163.43,DIGITAL_IN,Hole5NP,-1,null
379520.269,DIGITAL_IN,Hole5NP,0,null
380887.65,DIGITAL_IN,Hole5NP,-1,null
381055.573,DIGITAL_IN,Hole5NP,0,null
381639.311,DIGITAL_IN,Hole5NP,-1,null
381659.3,DIGITAL_IN,Hole5NP,0,null
381703.28,DIGITAL_IN,Hole5NP,-1,null
381855.211,DIGITAL_IN,Hole5NP,0,null
382490.923,DIGITAL_IN,Hole5NP,-1,null
382806.78,DIGITAL_IN,Hole5NP,0,null
385597.516,DIGITAL_IN,Hole5NP,-1,null
386114.282,DIGITAL_IN,Hole5NP,0,null
386542.089,DIGITAL_IN,Hole5NP,-1,null
386566.078,DIGITAL_IN,Hole5NP,0,null
387005.878,DIGITAL_IN,ChoiceWallIR,-1,null
387817.511,DIGITAL_IN,Hole5NP,-1,null
388021.419,DIGITAL_IN,Hole5NP,0,null
389816.788,PROGRAMMATIC,FITimerEvent,-1,null
390356.361,DIGITAL_IN,ChoiceWallIR,0,null
390592.254,DIGITAL_IN,ChoiceWallIR,-1,null
391459.861,DIGITAL_IN,Hole5NP,-1,null
391459.861,PROGRAMMATIC,Hole5Event,-1,null
391511.838,DIGITAL_IN,Hole5NP,0,null
392151.548,DIGITAL_IN,ChoiceWallIR,0,null
392251.503,DIGITAL_IN,TrayWallIR,-1,null
392659.861,PROGRAMMATIC,FeederTimerEvent,-1,null
392659.861,ALWAYS,ITI,-1,null
410954.032,DIGITAL_IN,TrayWallIR,0,null
412659.861,PROGRAMMATIC,ITITimerEvent,-1,null
412746.22,DIGITAL_IN,TrayWallIR,-1,null
412766.211,DIGITAL_IN,TrayWallIR,0,null
413485.885,DIGITAL_IN,ChoiceWallIR,-1,null
413893.701,DIGITAL_IN,ChoiceWallIR,0,null
415149.132,DIGITAL_IN,Hole5NP,-1,null
415656.902,DIGITAL_IN,Hole5NP,0,null
416027.861,PROGRAMMATIC,RandITITimerEvent,-1,null
416027.861,PROGRAMMATIC,PIEvent,-1,null
416208.652,DIGITAL_IN,ChoiceWallIR,-1,null
416300.611,DIGITAL_IN,ChoiceWallIR,0,null
418952.41,DIGITAL_IN,Hole5NP,-1,null
419388.212,DIGITAL_IN,Hole5NP,0,null
419935.964,DIGITAL_IN,Hole5NP,-1,null
420271.812,DIGITAL_IN,Hole5NP,0,null
420675.629,DIGITAL_IN,Hole5NP,-1,null
420739.6,DIGITAL_IN,Hole5NP,0,null
422170.952,DIGITAL_IN,Hole5NP,-1,null
422374.86,DIGITAL_IN,Hole5NP,0,null
423258.459,DIGITAL_IN,ChoiceWallIR,-1,null
424138.061,DIGITAL_IN,Hole5NP,-1,null
424385.949,DIGITAL_IN,Hole5NP,0,null
424461.917,DIGITAL_IN,Hole5NP,-1,null
425178.59,DIGITAL_IN,Hole5NP,0,null
425274.546,DIGITAL_IN,ChoiceWallIR,0,null
425386.495,DIGITAL_IN,ChoiceWallIR,-1,null
425650.376,DIGITAL_IN,ChoiceWallIR,0,null
426294.084,DIGITAL_IN,Hole6NP,-1,null
426853.831,DIGITAL_IN,Hole6NP,0,null
426985.771,DIGITAL_IN,ChoiceWallIR,-1,null
427493.541,DIGITAL_IN,ChoiceWallIR,0,null
428365.146,DIGITAL_IN,ChoiceWallIR,-1,null
428553.061,DIGITAL_IN,Hole5NP,-1,null
428589.045,DIGITAL_IN,ChoiceWallIR,0,null
428908.9,DIGITAL_IN,Hole5NP,0,null
429044.839,DIGITAL_IN,ChoiceWallIR,-1,null
430951.975,DIGITAL_IN,Hole5NP,-1,null
431255.837,DIGITAL_IN,Hole5NP,0,null
431459.745,DIGITAL_IN,Hole6NP,-1,null
431780.6,DIGITAL_IN,Hole6NP,0,null
432076.466,DIGITAL_IN,Hole6NP,-1,null
432248.388,DIGITAL_IN,Hole6NP,0,null
434431.399,DIGITAL_IN,ChoiceWallIR,0,null
434447.392,DIGITAL_IN,ChoiceWallIR,-1,null
434447.392,DIGITAL_IN,Hole5NP,-1,null
435023.131,DIGITAL_IN,Hole5NP,0,null
435199.051,DIGITAL_IN,Hole5NP,-1,null
435267.021,DIGITAL_IN,Hole5NP,0,null
435594.872,DIGITAL_IN,ChoiceWallIR,0,null
435738.807,DIGITAL_IN,ChoiceWallIR,-1,null
435750.801,DIGITAL_IN,ChoiceWallIR,0,null
435766.794,DIGITAL_IN,ChoiceWallIR,-1,null
435970.702,DIGITAL_IN,Hole5NP,-1,null
436278.562,DIGITAL_IN,Hole5NP,0,null
436778.336,DIGITAL_IN,ChoiceWallIR,0,null
437258.119,DIGITAL_IN,ChoiceWallIR,-1,null
437286.106,DIGITAL_IN,ChoiceWallIR,0,null
437521.999,DIGITAL_IN,ChoiceWallIR,-1,null
437545.988,DIGITAL_IN,ChoiceWallIR,0,null
437673.931,DIGITAL_IN,ChoiceWallIR,-1,null
437981.791,DIGITAL_IN,ChoiceWallIR,0,null
438029.769,DIGITAL_IN,ChoiceWallIR,-1,null
438570.524,DIGITAL_IN,Hole5NP,-1,null
438594.513,DIGITAL_IN,Hole5NP,0,null
439162.256,DIGITAL_IN,Hole5NP,-1,null
439410.145,DIGITAL_IN,Hole5NP,0,null
439993.88,DIGITAL_IN,Hole5NP,-1,null
440077.842,DIGITAL_IN,Hole5NP,0,null
440101.831,DIGITAL_IN,Hole5NP,-1,null
440245.766,DIGITAL_IN,Hole5NP,0,null
440769.528,DIGITAL_IN,Hole5NP,-1,null
440997.425,DIGITAL_IN,Hole5NP,0,null
442672.666,DIGITAL_IN,Hole5NP,-1,null
443272.395,DIGITAL_IN,Hole5NP,0,null
443372.35,DIGITAL_IN,Hole5NP,-1,null
443436.321,DIGITAL_IN,Hole5NP,0,null
445696.297,DIGITAL_IN,Hole5NP,-1,null
445796.252,DIGITAL_IN,Hole5NP,0,null
447223.605,DIGITAL_IN,ChoiceWallIR,0,null
447295.573,DIGITAL_IN,ChoiceWallIR,-1,null
447359.544,DIGITAL_IN,ChoiceWallIR,0,null
448103.207,DIGITAL_IN,ChoiceWallIR,-1,null
448127.196,DIGITAL_IN,ChoiceWallIR,0,null
448155.183,DIGITAL_IN,ChoiceWallIR,-1,null
448455.048,DIGITAL_IN,ChoiceWallIR,0,null
448483.035,DIGITAL_IN,ChoiceWallIR,-1,null
449114.749,DIGITAL_IN,Hole5NP,-1,null
449526.562,DIGITAL_IN,Hole5NP,0,null
450090.307,DIGITAL_IN,Hole5NP,-1,null
450294.215,DIGITAL_IN,Hole5NP,0,null
450558.095,DIGITAL_IN,Hole6NP,-1,null
451338.742,DIGITAL_IN,Hole6NP,0,null
451806.53,DIGITAL_IN,ChoiceWallIR,0,null
451914.481,DIGITAL_IN,ChoiceWallIR,-1,null
452318.298,DIGITAL_IN,ChoiceWallIR,0,null
453417.8,DIGITAL_IN,Hole5NP,-1,null
453729.659,DIGITAL_IN,Hole5NP,0,null
454069.505,DIGITAL_IN,ChoiceWallIR,-1,null
458836.346,DIGITAL_IN,Hole5NP,-1,null
458896.319,DIGITAL_IN,ChoiceWallIR,0,null
459168.195,DIGITAL_IN,Hole5NP,0,null
459312.13,DIGITAL_IN,ChoiceWallIR,-1,null
460095.775,DIGITAL_IN,Hole5NP,-1,null
460111.768,DIGITAL_IN,ChoiceWallIR,0,null
460823.446,DIGITAL_IN,Hole5NP,0,null
461027.861,PROGRAMMATIC,PITimerEvent,-1,null
461027.861,ALWAYS,ITI,-1,null
461467.154,DIGITAL_IN,ChoiceWallIR,-1,null
463042.441,DIGITAL_IN,Hole4NP,-1,null
463146.394,DIGITAL_IN,Hole4NP,0,null
463566.203,DIGITAL_IN,Hole5NP,-1,null
463682.151,DIGITAL_IN,ChoiceWallIR,0,null
463874.064,DIGITAL_IN,Hole5NP,0,null
464010.003,DIGITAL_IN,ChoiceWallIR,-1,null
464930.586,DIGITAL_IN,Hole4NP,-1,null
465354.394,DIGITAL_IN,Hole4NP,0,null
465590.287,DIGITAL_IN,Hole5NP,-1,null
466002.1,DIGITAL_IN,Hole5NP,0,null
466118.048,DIGITAL_IN,ChoiceWallIR,0,null
466305.963,DIGITAL_IN,ChoiceWallIR,-1,null
466709.78,DIGITAL_IN,ChoiceWallIR,0,null
466885.7,DIGITAL_IN,ChoiceWallIR,-1,null
467817.278,DIGITAL_IN,ChoiceWallIR,0,null
467845.265,DIGITAL_IN,ChoiceWallIR,-1,null
467853.262,DIGITAL_IN,ChoiceWallIR,0,null
468017.188,DIGITAL_IN,TrayWallIR,-1,null
473855.543,DIGITAL_IN,TrayWallIR,0,null
473883.531,DIGITAL_IN,TrayWallIR,-1,null
473887.53,DIGITAL_IN,TrayWallIR,0,null
474319.333,DIGITAL_IN,ChoiceWallIR,-1,null
474351.319,DIGITAL_IN,ChoiceWallIR,0,null
474379.306,DIGITAL_IN,TrayWallIR,-1,null
474387.303,DIGITAL_IN,TrayWallIR,0,null
474587.212,DIGITAL_IN,ChoiceWallIR,-1,null
474679.17,DIGITAL_IN,ChoiceWallIR,0,null
474827.103,DIGITAL_IN,ChoiceWallIR,-1,null
478478.45,DIGITAL_IN,ChoiceWallIR,0,null
480509.53,DIGITAL_IN,ChoiceWallIR,-1,null
481027.861,PROGRAMMATIC,ITITimerEvent,-1,null
483924.983,DIGITAL_IN,ChoiceWallIR,0,null
485710.861,PROGRAMMATIC,RandITITimerEvent,-1,null
485710.861,PROGRAMMATIC,FIEvent,-1,null
486935.619,DIGITAL_IN,ChoiceWallIR,-1,null
488502.909,DIGITAL_IN,ChoiceWallIR,0,null
489038.667,DIGITAL_IN,Hole5NP,-1,null
489690.372,DIGITAL_IN,Hole5NP,0,null
489822.312,DIGITAL_IN,Hole5NP,-1,null
490138.169,DIGITAL_IN,Hole5NP,0,null
490894.826,DIGITAL_IN,ChoiceWallIR,-1,null
492138.263,DIGITAL_IN,ChoiceWallIR,0,null
492234.22,DIGITAL_IN,Hole5NP,-1,null
492246.214,DIGITAL_IN,Hole5NP,0,null
492534.084,DIGITAL_IN,Hole5NP,-1,null
492642.035,DIGITAL_IN,Hole5NP,0,null
492682.017,DIGITAL_IN,Hole5NP,-1,null
492829.95,DIGITAL_IN,Hole5NP,0,null
493053.849,DIGITAL_IN,Hole5NP,-1,null
493517.638,DIGITAL_IN,Hole5NP,0,null
493545.625,DIGITAL_IN,Hole5NP,-1,null
493677.566,DIGITAL_IN,Hole5NP,0,null
494329.271,DIGITAL_IN,ChoiceWallIR,-1,null
494469.207,DIGITAL_IN,Hole5NP,-1,null
494713.097,DIGITAL_IN,Hole5NP,0,null
494909.008,DIGITAL_IN,ChoiceWallIR,0,null
495168.89,DIGITAL_IN,Hole5NP,-1,null
495556.715,DIGITAL_IN,Hole5NP,0,null
497264.941,DIGITAL_IN,ChoiceWallIR,-1,null
497312.919,DIGITAL_IN,ChoiceWallIR,0,null
497340.907,DIGITAL_IN,ChoiceWallIR,-1,null
497372.892,DIGITAL_IN,ChoiceWallIR,0,null
497516.827,DIGITAL_IN,ChoiceWallIR,-1,null
498528.369,DIGITAL_IN,Hole5NP,-1,null
498600.336,DIGITAL_IN,ChoiceWallIR,0,null
498604.336,DIGITAL_IN,Hole5NP,0,null
499543.909,DIGITAL_IN,Hole5NP,-1,null
500127.644,DIGITAL_IN,Hole5NP,0,null
500710.861,PROGRAMMATIC,FITimerEvent,-1,null
500867.309,DIGITAL_IN,Hole4NP,-1,null
501115.197,DIGITAL_IN,ChoiceWallIR,-1,null
501179.168,DIGITAL_IN,Hole4NP,0,null
501367.083,DIGITAL_IN,Hole5NP,-1,null
501367.083,PROGRAMMATIC,Hole5Event,-1,null
501495.025,DIGITAL_IN,Hole5NP,0,null
501686.938,DIGITAL_IN,ChoiceWallIR,0,null
501734.916,DIGITAL_IN,ChoiceWallIR,-1,null
501738.916,DIGITAL_IN,ChoiceWallIR,0,null
501762.904,DIGITAL_IN,ChoiceWallIR,-1,null
501922.831,DIGITAL_IN,ChoiceWallIR,0,null
502110.746,DIGITAL_IN,TrayWallIR,-1,null
502567.083,PROGRAMMATIC,FeederTimerEvent,-1,null
502567.083,ALWAYS,ITI,-1,null
521540.946,DIGITAL_IN,TrayWallIR,0,null
522567.083,PROGRAMMATIC,ITITimerEvent,-1,null
526687.615,DIGITAL_IN,TrayWallIR,-1,null
526707.606,DIGITAL_IN,TrayWallIR,0,null
527534.083,PROGRAMMATIC,RandITITimerEvent,-1,null
527534.083,PROGRAMMATIC,FIEvent,-1,null
527875.077,DIGITAL_IN,TrayWallIR,-1,null
527935.05,DIGITAL_IN,TrayWallIR,0,null
528362.856,DIGITAL_IN,ChoiceWallIR,-1,null
528634.733,DIGITAL_IN,TrayWallIR,-1,null
528682.712,DIGITAL_IN,TrayWallIR,0,null
529014.561,DIGITAL_IN,ChoiceWallIR,0,null
531362.498,DIGITAL_IN,ChoiceWallIR,-1,null
531582.398,DIGITAL_IN,ChoiceWallIR,0,null
531670.358,DIGITAL_IN,TrayWallIR,-1,null
531682.353,DIGITAL_IN,Hole5NP,-1,null
531694.348,DIGITAL_IN,TrayWallIR,0,null
531758.319,DIGITAL_IN,TrayWallIR,-1,null
532066.179,DIGITAL_IN,Hole5NP,0,null
532458.002,DIGITAL_IN,TrayWallIR,0,null
532997.757,DIGITAL_IN,ChoiceWallIR,-1,null
533053.732,DIGITAL_IN,ChoiceWallIR,0,null
533701.438,DIGITAL_IN,ChoiceWallIR,-1,null
534049.281,DIGITAL_IN,Hole5NP,-1,null
534097.259,DIGITAL_IN,Hole5NP,0,null
534161.23,DIGITAL_IN,ChoiceWallIR,0,null
535856.462,DIGITAL_IN,Hole5NP,-1,null
536433.201,DIGITAL_IN,Hole5NP,0,null
536677.091,DIGITAL_IN,Hole5NP,-1,null
537164.87,DIGITAL_IN,Hole5NP,0,null
537964.508,DIGITAL_IN,Hole5NP,-1,null
538048.47,DIGITAL_IN,Hole5NP,0,null
538280.365,DIGITAL_IN,ChoiceWallIR,-1,null
538700.175,DIGITAL_IN,ChoiceWallIR,0,null
539315.896,DIGITAL_IN,Hole5NP,-1,null
539423.847,DIGITAL_IN,Hole5NP,0,null
539803.675,DIGITAL_IN,ChoiceWallIR,-1,null
540403.403,DIGITAL_IN,Hole5NP,-1,null
540487.365,DIGITAL_IN,Hole5NP,0,null
540899.179,DIGITAL_IN,Hole5NP,-1,null
541143.068,DIGITAL_IN,Hole5NP,0,null
542534.083,PROGRAMMATIC,FITimerEvent,-1,null
542643.392,DIGITAL_IN,Hole5NP,-1,null
542643.392,PROGRAMMATIC,Hole5Event,-1,null
542687.369,DIGITAL_IN,Hole5NP,0,null
542755.338,DIGITAL_IN,ChoiceWallIR,0,null
542867.287,DIGITAL_IN,ChoiceWallIR,-1,null
543155.157,DIGITAL_IN,ChoiceWallIR,0,null
543339.074,DIGITAL_IN,TrayWallIR,-1,null
543843.392,PROGRAMMATIC,FeederTimerEvent,-1,null
543843.392,ALWAYS,ITI,-1,null
560857.139,DIGITAL_IN,TrayWallIR,0,null
561097.031,DIGITAL_IN,TrayWallIR,-1,null
561105.027,DIGITAL_IN,TrayWallIR,0,null
561288.944,DIGITAL_IN,TrayWallIR,-1,null
563843.392,PROGRAMMATIC,ITITimerEvent,-1,null
565492.04,DIGITAL_IN,TrayWallIR,0,null
572261.974,DIGITAL_IN,ChoiceWallIR,-1,null
572285.963,DIGITAL_IN,ChoiceWallIR,0,null
572425.9,DIGITAL_IN,ChoiceWallIR,-1,null
572545.845,DIGITAL_IN,ChoiceWallIR,0,null
572637.804,DIGITAL_IN,ChoiceWallIR,-1,null
572657.795,DIGITAL_IN,ChoiceWallIR,0,null
572809.726,DIGITAL_IN,ChoiceWallIR,-1,null
572837.713,DIGITAL_IN,ChoiceWallIR,0,null
572923.392,PROGRAMMATIC,RandITITimerEvent,-1,null
572923.392,PROGRAMMATIC,FIEvent,-1,null
573793.28,DIGITAL_IN,ChoiceWallIR,-1,null
574540.942,DIGITAL_IN,Hole5NP,-1,null
574796.826,DIGITAL_IN,Hole5NP,0,null
575961.299,DIGITAL_IN,Hole5NP,-1,null
576465.07,DIGITAL_IN,Hole5NP,0,null
577436.63,DIGITAL_IN,Hole5NP,-1,null
578112.324,DIGITAL_IN,Hole5NP,0,null
578200.285,DIGITAL_IN,Hole5NP,-1,null
578420.185,DIGITAL_IN,Hole5NP,0,null
579467.71,DIGITAL_IN,Hole5NP,-1,null
579507.692,DIGITAL_IN,Hole5NP,0,null
579511.692,DIGITAL_IN,ChoiceWallIR,0,null
579579.66,DIGITAL_IN,ChoiceWallIR,-1,null
580563.214,DIGITAL_IN,Hole5NP,-1,null
580615.191,DIGITAL_IN,Hole5NP,0,null
582203.471,DIGITAL_IN,Hole5NP,-1,null
582303.426,DIGITAL_IN,Hole5NP,0,null
584238.55,DIGITAL_IN,Hole5NP,-1,null
584262.539,DIGITAL_IN,Hole5NP,0,null
584790.3,DIGITAL_IN,Hole5NP,-1,null
585066.175,DIGITAL_IN,Hole5NP,0,null
586009.748,DIGITAL_IN,Hole5NP,-1,null
586245.641,DIGITAL_IN,Hole5NP,0,null
587923.392,PROGRAMMATIC,FITimerEvent,-1,null
588377.675,DIGITAL_IN,Hole5NP,-1,null
588377.675,PROGRAMMATIC,Hole5Event,-1,null
588457.639,DIGITAL_IN,Hole5NP,0,null
588733.514,DIGITAL_IN,ChoiceWallIR,0,null
588737.514,DIGITAL_IN,ChoiceWallIR,-1,null
589001.393,DIGITAL_IN,ChoiceWallIR,0,null
589241.284,DIGITAL_IN,TrayWallIR,-1,null
589577.675,PROGRAMMATIC,FeederTimerEvent,-1,null
589577.675,ALWAYS,ITI,-1,null
603692.739,DIGITAL_IN,TrayWallIR,0,null
603804.688,DIGITAL_IN,TrayWallIR,-1,null
603824.679,DIGITAL_IN,TrayWallIR,0,null
606087.654,DIGITAL_IN,TrayWallIR,-1,null
606115.641,DIGITAL_IN,TrayWallIR,0,null
606375.524,DIGITAL_IN,ChoiceWallIR,-1,null
606871.299,DIGITAL_IN,ChoiceWallIR,0,null
607063.212,DIGITAL_IN,ChoiceWallIR,-1,null
609577.675,PROGRAMMATIC,ITITimerEvent,-1,null
609814.966,DIGITAL_IN,ChoiceWallIR,0,null
610250.769,DIGITAL_IN,Hole5NP,-1,null
610294.749,DIGITAL_IN,Hole5NP,0,null
611230.325,DIGITAL_IN,ChoiceWallIR,-1,null
611969.99,DIGITAL_IN,ChoiceWallIR,0,null
612053.952,DIGITAL_IN,ChoiceWallIR,-1,null
615521.381,DIGITAL_IN,ChoiceWallIR,0,null
617496.487,DIGITAL_IN,ChoiceWallIR,-1,null
617647.675,PROGRAMMATIC,RandITITimerEvent,-1,null
617647.675,PROGRAMMATIC,FIEvent,-1,null
618268.137,DIGITAL_IN,ChoiceWallIR,0,null
618376.088,DIGITAL_IN,ChoiceWallIR,-1,null
618899.851,DIGITAL_IN,ChoiceWallIR,0,null
619563.551,DIGITAL_IN,Hole5NP,-1,null
619631.52,DIGITAL_IN,Hole5NP,0,null
620343.198,DIGITAL_IN,ChoiceWallIR,-1,null
620459.145,DIGITAL_IN,Hole5NP,-1,null
620499.127,DIGITAL_IN,ChoiceWallIR,0,null
621231.795,DIGITAL_IN,Hole5NP,0,null
621387.724,DIGITAL_IN,Hole5NP,-1,null
621679.592,DIGITAL_IN,Hole5NP,0,null
622063.418,DIGITAL_IN,ChoiceWallIR,-1,null
622075.413,DIGITAL_IN,ChoiceWallIR,0,null
622091.406,DIGITAL_IN,ChoiceWallIR,-1,null
623878.596,DIGITAL_IN,ChoiceWallIR,0,null
623982.549,DIGITAL_IN,ChoiceWallIR,-1,null
625046.068,DIGITAL_IN,Hole5NP,-1,null
625357.926,DIGITAL_IN,Hole5NP,0,null
629401.095,DIGITAL_IN,Hole5NP,-1,null
629585.012,DIGITAL_IN,Hole5NP,0,null
630600.552,DIGITAL_IN,ChoiceWallIR,0,null
630800.461,DIGITAL_IN,ChoiceWallIR,-1,null
632247.806,DIGITAL_IN,Hole5NP,-1,null
632647.675,PROGRAMMATIC,FITimerEvent,-1,null
632711.596,DIGITAL_IN,Hole5NP,0,null
632927.498,DIGITAL_IN,Hole6NP,-1,null
633203.373,DIGITAL_IN,Hole6NP,0,null
633963.029,DIGITAL_IN,Hole5NP,-1,null
633963.029,PROGRAMMATIC,Hole5Event,-1,null
634115.96,DIGITAL_IN,Hole5NP,0,null
634539.768,DIGITAL_IN,ChoiceWallIR,0,null
634547.764,DIGITAL_IN,ChoiceWallIR,-1,null
634623.73,DIGITAL_IN,ChoiceWallIR,0,null
634783.661,DIGITAL_IN,TrayWallIR,-1,null
634899.605,DIGITAL_IN,ChoiceWallIR,-1,null
634931.59,DIGITAL_IN,ChoiceWallIR,0,null
635163.029,PROGRAMMATIC,FeederTimerEvent,-1,null
635163.029,ALWAYS,ITI,-1,null
651526.074,DIGITAL_IN,TrayWallIR,0,null
651578.051,DIGITAL_IN,TrayWallIR,-1,null
651602.04,DIGITAL_IN,TrayWallIR,0,null
651777.96,DIGITAL_IN,TrayWallIR,-1,null
654013.948,DIGITAL_IN,TrayWallIR,0,null
654093.911,DIGITAL_IN,TrayWallIR,-1,null
655163.029,PROGRAMMATIC,ITITimerEvent,-1,null
656716.724,DIGITAL_IN,TrayWallIR,0,null
656860.658,DIGITAL_IN,TrayWallIR,-1,null
657608.32,DIGITAL_IN,TrayWallIR,0,null
659887.288,DIGITAL_IN,ChoiceWallIR,-1,null
659903.28,DIGITAL_IN,ChoiceWallIR,0,null
660103.19,DIGITAL_IN,ChoiceWallIR,-1,null
664436.029,PROGRAMMATIC,RandITITimerEvent,-1,null
664436.029,PROGRAMMATIC,PIEvent,-1,null
666001.518,DIGITAL_IN,Hole5NP,-1,null
666537.276,DIGITAL_IN,Hole5NP,0,null
669057.134,DIGITAL_IN,ChoiceWallIR,0,null
669073.127,DIGITAL_IN,ChoiceWallIR,-1,null
669640.87,DIGITAL_IN,Hole5NP,-1,null
669696.845,DIGITAL_IN,Hole5NP,0,null
669780.807,DIGITAL_IN,ChoiceWallIR,0,null
670360.544,DIGITAL_IN,Hole5NP,-1,null
670376.537,DIGITAL_IN,Hole5NP,0,null
670392.53,DIGITAL_IN,Hole5NP,-1,null
670448.504,DIGITAL_IN,Hole5NP,0,null
671304.117,DIGITAL_IN,Hole5NP,-1,null
671364.09,DIGITAL_IN,Hole5NP,0,null
672051.778,DIGITAL_IN,Hole5NP,-1,null
672379.63,DIGITAL_IN,Hole5NP,0,null
672535.559,DIGITAL_IN,ChoiceWallIR,-1,null
673839.968,DIGITAL_IN,Hole5NP,-1,null
674251.782,DIGITAL_IN,Hole5NP,0,null
674295.762,DIGITAL_IN,Hole5NP,-1,null
674327.747,DIGITAL_IN,Hole5NP,0,null
674403.713,DIGITAL_IN,Hole5NP,-1,null
674811.528,DIGITAL_IN,Hole5NP,0,null
675431.248,DIGITAL_IN,Hole5NP,-1,null
675703.124,DIGITAL_IN,Hole5NP,0,null
675795.083,DIGITAL_IN,Hole5NP,-1,null
676002.989,DIGITAL_IN,Hole5NP,0,null
676854.603,DIGITAL_IN,Hole5NP,-1,null
676938.565,DIGITAL_IN,Hole5NP,0,null
677974.096,DIGITAL_IN,Hole5NP,-1,null
678221.984,DIGITAL_IN,Hole5NP,0,null
678249.972,DIGITAL_IN,Hole5NP,-1,null
678389.908,DIGITAL_IN,Hole5NP,0,null
680374.009,DIGITAL_IN,Hole5NP,-1,null
680561.924,DIGITAL_IN,Hole5NP,0,null
681709.404,DIGITAL_IN,Hole5NP,-1,null
681785.37,DIGITAL_IN,Hole5NP,0,null
681985.28,DIGITAL_IN,Hole5NP,-1,null
682101.227,DIGITAL_IN,Hole5NP,0,null
682113.221,DIGITAL_IN,ChoiceWallIR,0,null
682321.127,DIGITAL_IN,ChoiceWallIR,-1,null
683692.506,DIGITAL_IN,Hole5NP,-1,null
683936.395,DIGITAL_IN,Hole5NP,0,null
684776.015,DIGITAL_IN,Hole5NP,-1,null
685095.87,DIGITAL_IN,Hole5NP,0,null
685923.496,DIGITAL_IN,ChoiceWallIR,0,null
685987.467,DIGITAL_IN,ChoiceWallIR,-1,null
685999.461,DIGITAL_IN,ChoiceWallIR,0,null
686051.438,DIGITAL_IN,ChoiceWallIR,-1,null
686283.333,DIGITAL_IN,ChoiceWallIR,0,null
686384.287,DIGITAL_IN,ChoiceWallIR,-1,null
687119.954,DIGITAL_IN,ChoiceWallIR,0,null
687291.876,DIGITAL_IN,ChoiceWallIR,-1,null
688511.323,DIGITAL_IN,ChoiceWallIR,0,null
688535.313,DIGITAL_IN,Hole5NP,-1,null
688799.193,DIGITAL_IN,Hole5NP,0,null
688867.166,DIGITAL_IN,Hole5NP,-1,null
688963.119,DIGITAL_IN,Hole5NP,0,null
689215.005,DIGITAL_IN,ChoiceWallIR,-1,null
689438.903,DIGITAL_IN,Hole5NP,-1,null
689450.898,DIGITAL_IN,ChoiceWallIR,0,null
689906.691,DIGITAL_IN,Hole5NP,0,null
690090.608,DIGITAL_IN,ChoiceWallIR,-1,null
690618.369,DIGITAL_IN,ChoiceWallIR,0,null
690634.362,DIGITAL_IN,Hole5NP,-1,null
690678.342,DIGITAL_IN,Hole5NP,0,null
691230.092,DIGITAL_IN,ChoiceWallIR,-1,null
691390.02,DIGITAL_IN,ChoiceWallIR,0,null
691649.902,DIGITAL_IN,Hole6NP,-1,null
691677.889,DIGITAL_IN,Hole6NP,0,null
691713.873,DIGITAL_IN,ChoiceWallIR,-1,null
691861.806,DIGITAL_IN,ChoiceWallIR,0,null
691861.806,DIGITAL_IN,Hole5NP,-1,null
692165.668,DIGITAL_IN,Hole5NP,0,null
692581.48,DIGITAL_IN,Hole5NP,-1,null
692765.397,DIGITAL_IN,Hole5NP,0,null
693498.065,DIGITAL_IN,ChoiceWallIR,-1,null
693685.98,DIGITAL_IN,ChoiceWallIR,0,null
694077.802,DIGITAL_IN,ChoiceWallIR,-1,null
694477.621,DIGITAL_IN,ChoiceWallIR,0,null
694485.618,DIGITAL_IN,Hole5NP,-1,null
695229.281,DIGITAL_IN,Hole5NP,0,null
695549.137,DIGITAL_IN,ChoiceWallIR,-1,null
696360.768,DIGITAL_IN,ChoiceWallIR,0,null
696400.75,DIGITAL_IN,ChoiceWallIR,-1,null
696736.598,DIGITAL_IN,ChoiceWallIR,0,null
696820.56,DIGITAL_IN,ChoiceWallIR,-1,null
700523.883,DIGITAL_IN,ChoiceWallIR,0,null
700543.874,DIGITAL_IN,ChoiceWallIR,-1,null
702283.086,DIGITAL_IN,ChoiceWallIR,0,null
703346.604,DIGITAL_IN,TrayWallIR,-1,null
706010.398,DIGITAL_IN,TrayWallIR,0,null
707417.761,DIGITAL_IN,TrayWallIR,-1,null
709436.029,PROGRAMMATIC,PITimerEvent,-1,null
709436.029,ALWAYS,ITI,-1,null
710228.488,DIGITAL_IN,TrayWallIR,0,null
710644.299,DIGITAL_IN,ChoiceWallIR,-1,null
711008.134,DIGITAL_IN,ChoiceWallIR,0,null
711507.908,DIGITAL_IN,Hole5NP,-1,null
711883.738,DIGITAL_IN,Hole5NP,0,null
711971.698,DIGITAL_IN,Hole5NP,-1,null
712071.653,DIGITAL_IN,Hole5NP,0,null
713408.047,DIGITAL_IN,Hole5NP,-1,null
713871.837,DIGITAL_IN,Hole5NP,0,null
714191.693,DIGITAL_IN,ChoiceWallIR,-1,null
715982.881,DIGITAL_IN,Hole5NP,-1,null
716390.697,DIGITAL_IN,Hole5NP,0,null
716526.635,DIGITAL_IN,Hole5NP,-1,null
716550.624,DIGITAL_IN,Hole5NP,0,null
716706.554,DIGITAL_IN,ChoiceWallIR,0,null
716906.463,DIGITAL_IN,Hole6NP,-1,null
716930.452,DIGITAL_IN,Hole6NP,0,null
717922.003,DIGITAL_IN,Hole5NP,-1,null
718097.923,DIGITAL_IN,Hole5NP,0,null
718437.769,DIGITAL_IN,ChoiceWallIR,-1,null
718477.751,DIGITAL_IN,ChoiceWallIR,0,null
719146.448,DIGITAL_IN,ChoiceWallIR,-1,null
719382.342,DIGITAL_IN,Hole5NP,-1,null
719630.229,DIGITAL_IN,Hole5NP,0,null
720329.912,DIGITAL_IN,Hole5NP,-1,null
720489.84,DIGITAL_IN,Hole5NP,0,null
720737.728,DIGITAL_IN,ChoiceWallIR,0,null
720841.681,DIGITAL_IN,ChoiceWallIR,-1,null
721473.395,DIGITAL_IN,ChoiceWallIR,0,null
721621.328,DIGITAL_IN,ChoiceWallIR,-1,null
721649.315,DIGITAL_IN,ChoiceWallIR,0,null
723312.562,DIGITAL_IN,ChoiceWallIR,-1,null
723860.314,DIGITAL_IN,ChoiceWallIR,0,null
724152.181,DIGITAL_IN,Hole5NP,-1,null
724595.98,DIGITAL_IN,Hole5NP,0,null
724759.906,DIGITAL_IN,ChoiceWallIR,-1,null
725483.578,DIGITAL_IN,Hole5NP,-1,null
725524.56,DIGITAL_IN,Hole5NP,0,null
725580.534,DIGITAL_IN,ChoiceWallIR,0,null
725960.362,DIGITAL_IN,Hole5NP,-1,null
726032.33,DIGITAL_IN,Hole5NP,0,null
726204.252,DIGITAL_IN,ChoiceWallIR,-1,null
726316.201,DIGITAL_IN,ChoiceWallIR,0,null
726652.049,DIGITAL_IN,ChoiceWallIR,-1,null
726716.02,DIGITAL_IN,ChoiceWallIR,0,null
726752.004,DIGITAL_IN,ChoiceWallIR,-1,null
726756.003,DIGITAL_IN,ChoiceWallIR,0,null
726863.953,DIGITAL_IN,ChoiceWallIR,-1,null
727015.884,DIGITAL_IN,ChoiceWallIR,0,null
727199.801,DIGITAL_IN,ChoiceWallIR,-1,null
727367.725,DIGITAL_IN,ChoiceWallIR,0,null
727471.678,DIGITAL_IN,ChoiceWallIR,-1,null
727563.636,DIGITAL_IN,ChoiceWallIR,0,null
727579.629,DIGITAL_IN,ChoiceWallIR,-1,null
727739.556,DIGITAL_IN,ChoiceWallIR,0,null
728531.198,DIGITAL_IN,TrayWallIR,-1,null
729436.029,PROGRAMMATIC,ITITimerEvent,-1,null
730126.475,DIGITAL_IN,TrayWallIR,0,null
730334.381,DIGITAL_IN,ChoiceWallIR,-1,null
730422.342,DIGITAL_IN,ChoiceWallIR,0,null
730550.283,DIGITAL_IN,ChoiceWallIR,-1,null
731006.077,DIGITAL_IN,Hole5NP,-1,null
731253.965,DIGITAL_IN,Hole5NP,0,null
732758.283,DIGITAL_IN,ChoiceWallIR,0,null
732790.269,DIGITAL_IN,ChoiceWallIR,-1,null
736713.029,PROGRAMMATIC,RandITITimerEvent,-1,null
736713.029,PROGRAMMATIC,FIEvent,-1,null
737112.312,DIGITAL_IN,ChoiceWallIR,0,null
737796.002,DIGITAL_IN,Hole5NP,-1,null
738119.855,DIGITAL_IN,Hole5NP,0,null
738592.641,DIGITAL_IN,Hole5NP,-1,null
738632.623,DIGITAL_IN,Hole5NP,0,null
738680.601,DIGITAL_IN,Hole5NP,-1,null
738732.578,DIGITAL_IN,Hole5NP,0,null
740183.92,DIGITAL_IN,Hole5NP,-1,null
740375.833,DIGITAL_IN,Hole5NP,0,null
740571.745,DIGITAL_IN,ChoiceWallIR,-1,null
740711.681,DIGITAL_IN,ChoiceWallIR,0,null
740751.663,DIGITAL_IN,ChoiceWallIR,-1,null
742195.01,DIGITAL_IN,Hole5NP,-1,null
742370.93,DIGITAL_IN,Hole5NP,0,null
742426.904,DIGITAL_IN,Hole5NP,-1,null
742454.893,DIGITAL_IN,Hole5NP,0,null
743362.481,DIGITAL_IN,Hole5NP,-1,null
743458.437,DIGITAL_IN,Hole5NP,0,null
743962.209,DIGITAL_IN,Hole6NP,-1,null
744014.186,DIGITAL_IN,Hole6NP,0,null
744318.049,DIGITAL_IN,Hole5NP,-1,null
744521.956,DIGITAL_IN,Hole5NP,0,null
744781.838,DIGITAL_IN,Hole5NP,-1,null
744945.764,DIGITAL_IN,Hole5NP,0,null
746250.173,DIGITAL_IN,ChoiceWallIR,0,null
746330.137,DIGITAL_IN,ChoiceWallIR,-1,null
747689.521,DIGITAL_IN,Hole5NP,-1,null
747757.49,DIGITAL_IN,Hole5NP,0,null
747917.418,DIGITAL_IN,ChoiceWallIR,0,null
751135.96,DIGITAL_IN,Hole5NP,-1,null
751628.737,DIGITAL_IN,Hole5NP,0,null
751713.029,PROGRAMMATIC,FITimerEvent,-1,null
751836.643,DIGITAL_IN,Hole5NP,-1,null
751836.643,PROGRAMMATIC,Hole5Event,-1,null
751900.614,DIGITAL_IN,Hole5NP,0,null
752060.541,DIGITAL_IN,ChoiceWallIR,-1,null
752268.447,DIGITAL_IN,ChoiceWallIR,0,null
752480.351,DIGITAL_IN,TrayWallIR,-1,null
753036.643,PROGRAMMATIC,FeederTimerEvent,-1,null
753036.643,ALWAYS,ITI,-1,null
767979.332,DIGITAL_IN,TrayWallIR,0,null
771398.783,DIGITAL_IN,TrayWallIR,-1,null
773036.643,PROGRAMMATIC,ITITimerEvent,-1,null
773997.607,DIGITAL_IN,TrayWallIR,0,null
774105.557,DIGITAL_IN,TrayWallIR,-1,null
779076.306,DIGITAL_IN,TrayWallIR,0,null
779644.048,DIGITAL_IN,TrayWallIR,-1,null
779664.039,DIGITAL_IN,TrayWallIR,0,null
779732.009,DIGITAL_IN,ChoiceWallIR,-1,null
782339.643,PROGRAMMATIC,RandITITimerEvent,-1,null
782339.643,PROGRAMMATIC,PIEvent,-1,null
782986.535,DIGITAL_IN,ChoiceWallIR,0,null
783018.52,DIGITAL_IN,ChoiceWallIR,-1,null
783034.513,DIGITAL_IN,ChoiceWallIR,0,null
783162.455,DIGITAL_IN,ChoiceWallIR,-1,null
784273.952,DIGITAL_IN,ChoiceWallIR,0,null
784286.946,DIGITAL_IN,ChoiceWallIR,-1,null
787097.673,DIGITAL_IN,Hole5NP,-1,null
787345.56,DIGITAL_IN,Hole5NP,0,null
790172.28,DIGITAL_IN,Hole5NP,-1,null
790384.184,DIGITAL_IN,Hole5NP,0,null
791492.682,DIGITAL_IN,Hole5NP,-1,null
791904.496,DIGITAL_IN,Hole5NP,0,null
792040.434,DIGITAL_IN,Hole5NP,-1,null
792100.407,DIGITAL_IN,Hole5NP,0,null
792136.39,DIGITAL_IN,Hole5NP,-1,null
792280.325,DIGITAL_IN,Hole5NP,0,null
795246.982,DIGITAL_IN,Hole5NP,-1,null
795490.871,DIGITAL_IN,Hole5NP,0,null
795514.86,DIGITAL_IN,Hole5NP,-1,null
795558.841,DIGITAL_IN,Hole5NP,0,null
797142.123,DIGITAL_IN,Hole5NP,-1,null
797206.094,DIGITAL_IN,Hole5NP,0,null
797642.897,DIGITAL_IN,Hole5NP,-1,null
797986.741,DIGITAL_IN,Hole5NP,0,null
798090.694,DIGITAL_IN,Hole5NP,-1,null
798574.475,DIGITAL_IN,Hole5NP,0,null
799514.049,DIGITAL_IN,ChoiceWallIR,0,null
799717.957,DIGITAL_IN,ChoiceWallIR,-1,null
803232.365,DIGITAL_IN,ChoiceWallIR,0,null
803348.313,DIGITAL_IN,ChoiceWallIR,-1,null
804996.566,DIGITAL_IN,Hole5NP,-1,null
805192.477,DIGITAL_IN,Hole5NP,0,null
805936.14,DIGITAL_IN,Hole5NP,-1,null
805980.121,DIGITAL_IN,Hole5NP,0,null
806843.729,DIGITAL_IN,Hole5NP,-1,null
806875.715,DIGITAL_IN,Hole5NP,0,null
807735.326,DIGITAL_IN,Hole5NP,-1,null
808283.078,DIGITAL_IN,Hole5NP,0,null
808930.784,DIGITAL_IN,Hole5NP,-1,null
809070.721,DIGITAL_IN,Hole5NP,0,null
810034.284,DIGITAL_IN,ChoiceWallIR,0,null
810090.259,DIGITAL_IN,ChoiceWallIR,-1,null
811438.648,DIGITAL_IN,Hole5NP,-1,null
811858.458,DIGITAL_IN,Hole5NP,0,null
812186.31,DIGITAL_IN,Hole5NP,-1,null
812522.158,DIGITAL_IN,Hole5NP,0,null
813641.651,DIGITAL_IN,ChoiceWallIR,0,null
813713.618,DIGITAL_IN,ChoiceWallIR,-1,null
814969.049,DIGITAL_IN,ChoiceWallIR,0,null
815868.642,DIGITAL_IN,TrayWallIR,-1,null
821850.932,DIGITAL_IN,TrayWallIR,0,null
822090.824,DIGITAL_IN,ChoiceWallIR,-1,null
825978.063,DIGITAL_IN,Hole5NP,-1,null
826725.725,DIGITAL_IN,Hole5NP,0,null
827339.643,PROGRAMMATIC,PITimerEvent,-1,null
827339.643,ALWAYS,ITI,-1,null
828277.022,DIGITAL_IN,Hole5NP,-1,null
828564.892,DIGITAL_IN,Hole5NP,0,null
831192.702,DIGITAL_IN,ChoiceWallIR,0,null
831200.698,DIGITAL_IN,ChoiceWallIR,-1,null
832688.024,DIGITAL_IN,Hole5NP,-1,null
833311.742,DIGITAL_IN,Hole5NP,0,null
835866.585,DIGITAL_IN,Hole5NP,-1,null
836655.227,DIGITAL_IN,Hole5NP,0,null
840457.505,DIGITAL_IN,Hole5NP,-1,null
840773.362,DIGITAL_IN,Hole5NP,0,null
841121.205,DIGITAL_IN,Hole5NP,-1,null
841541.015,DIGITAL_IN,Hole5NP,0,null
841756.917,DIGITAL_IN,ChoiceWallIR,0,null
841804.895,DIGITAL_IN,ChoiceWallIR,-1,null
842152.738,DIGITAL_IN,ChoiceWallIR,0,null
842312.665,DIGITAL_IN,ChoiceWallIR,-1,null
842332.656,DIGITAL_IN,ChoiceWallIR,0,null
842488.585,DIGITAL_IN,ChoiceWallIR,-1,null
843485.134,DIGITAL_IN,ChoiceWallIR,0,null
843721.027,DIGITAL_IN,TrayWallIR,-1,null
845796.087,DIGITAL_IN,TrayWallIR,0,null
847339.643,PROGRAMMATIC,ITITimerEvent,-1,null
847927.122,DIGITAL_IN,ChoiceWallIR,-1,null
848698.773,DIGITAL_IN,Hole5NP,-1,null
848714.766,DIGITAL_IN,ChoiceWallIR,0,null
848954.657,DIGITAL_IN,Hole5NP,0,null
850047.162,DIGITAL_IN,Hole5NP,-1,null
850918.767,DIGITAL_IN,Hole5NP,0,null
851070.699,DIGITAL_IN,Hole5NP,-1,null
851134.67,DIGITAL_IN,Hole5NP,0,null
851710.409,DIGITAL_IN,ChoiceWallIR,-1,null
851722.403,DIGITAL_IN,ChoiceWallIR,0,null
851786.374,DIGITAL_IN,ChoiceWallIR,-1,null
851901.643,PROGRAMMATIC,RandITITimerEvent,-1,null
851901.643,PROGRAMMATIC,FIEvent,-1,null
853761.48,DIGITAL_IN,ChoiceWallIR,0,null
853861.436,DIGITAL_IN,ChoiceWallIR,-1,null
855540.674,DIGITAL_IN,Hole5NP,-1,null
855600.647,DIGITAL_IN,Hole5NP,0,null
856161.393,DIGITAL_IN,Hole5NP,-1,null
856425.273,DIGITAL_IN,Hole5NP,0,null
857356.851,DIGITAL_IN,Hole5NP,-1,null
857456.806,DIGITAL_IN,Hole5NP,0,null
860791.296,DIGITAL_IN,Hole5NP,-1,null
861502.974,DIGITAL_IN,Hole5NP,0,null
861706.881,DIGITAL_IN,Hole5NP,-1,null
861762.856,DIGITAL_IN,Hole5NP,0,null
861782.847,DIGITAL_IN,Hole5NP,-1,null
861974.76,DIGITAL_IN,Hole5NP,0,null
866901.643,PROGRAMMATIC,FITimerEvent,-1,null
876007.404,DIGITAL_IN,ChoiceWallIR,0,null
876463.198,DIGITAL_IN,TrayWallIR,-1,null
876555.156,DIGITAL_IN,TrayWallIR,0,null
876771.059,DIGITAL_IN,TrayWallIR,-1,null
877602.682,DIGITAL_IN,TrayWallIR,0,null
877674.649,DIGITAL_IN,TrayWallIR,-1,null
878874.106,DIGITAL_IN,TrayWallIR,0,null
879889.646,DIGITAL_IN,ChoiceWallIR,-1,null
880181.514,DIGITAL_IN,ChoiceWallIR,0,null
880709.275,DIGITAL_IN,ChoiceWallIR,-1,null
880861.206,DIGITAL_IN,Hole5NP,-1,null
880861.206,PROGRAMMATIC,Hole5Event,-1,null
880877.199,DIGITAL_IN,Hole5NP,0,null
881017.136,DIGITAL_IN,ChoiceWallIR,0,null
881025.132,DIGITAL_IN,ChoiceWallIR,-1,null
881041.125,DIGITAL_IN,ChoiceWallIR,0,null
881105.096,DIGITAL_IN,ChoiceWallIR,-1,null
881412.956,DIGITAL_IN,ChoiceWallIR,0,null
881556.891,DIGITAL_IN,TrayWallIR,-1,null
882061.206,PROGRAMMATIC,FeederTimerEvent,-1,null
882061.206,ALWAYS,ITI,-1,null
897620.616,DIGITAL_IN,TrayWallIR,0,null
898168.367,DIGITAL_IN,TrayWallIR,-1,null
898368.277,DIGITAL_IN,TrayWallIR,0,null
898516.21,DIGITAL_IN,TrayWallIR,-1,null
898604.17,DIGITAL_IN,TrayWallIR,0,null
899283.862,DIGITAL_IN,TrayWallIR,-1,null
902061.206,PROGRAMMATIC,ITITimerEvent,-1,null
903682.87,DIGITAL_IN,TrayWallIR,0,null
903730.848,DIGITAL_IN,TrayWallIR,-1,null
903750.839,DIGITAL_IN,TrayWallIR,0,null
909677.155,DIGITAL_IN,ChoiceWallIR,-1,null
910476.793,DIGITAL_IN,ChoiceWallIR,0,null
910524.771,DIGITAL_IN,ChoiceWallIR,-1,null
911515.206,PROGRAMMATIC,RandITITimerEvent,-1,null
911515.206,PROGRAMMATIC,FIEvent,-1,null
911864.165,DIGITAL_IN,ChoiceWallIR,0,null
911896.15,DIGITAL_IN,ChoiceWallIR,-1,null
917058.812,DIGITAL_IN,Hole5NP,-1,null
917126.781,DIGITAL_IN,Hole5NP,0,null
917198.748,DIGITAL_IN,Hole5NP,-1,null
917438.64,DIGITAL_IN,Hole5NP,0,null
919029.919,DIGITAL_IN,Hole5NP,-1,null
919749.593,DIGITAL_IN,Hole5NP,0,null
919837.553,DIGITAL_IN,Hole5NP,-1,null
919905.522,DIGITAL_IN,Hole5NP,0,null
923137.059,DIGITAL_IN,Hole5NP,-1,null
923724.793,DIGITAL_IN,Hole5NP,0,null
923888.718,DIGITAL_IN,Hole5NP,-1,null
924228.565,DIGITAL_IN,Hole5NP,0,null
924820.297,DIGITAL_IN,ChoiceWallIR,0,null
924964.231,DIGITAL_IN,ChoiceWallIR,-1,null
925404.032,DIGITAL_IN,ChoiceWallIR,0,null
925515.981,DIGITAL_IN,Hole5NP,-1,null
926099.717,DIGITAL_IN,Hole5NP,0,null
926183.679,DIGITAL_IN,Hole5NP,-1,null
926515.206,PROGRAMMATIC,FITimerEvent,-1,null
926603.489,DIGITAL_IN,Hole5NP,0,null
928271.733,DIGITAL_IN,Hole5NP,-1,null
928271.733,PROGRAMMATIC,Hole5Event,-1,null
928299.721,DIGITAL_IN,Hole5NP,0,null
928499.63,DIGITAL_IN,ChoiceWallIR,-1,null
928511.625,DIGITAL_IN,ChoiceWallIR,0,null
928627.572,DIGITAL_IN,ChoiceWallIR,-1,null
928723.529,DIGITAL_IN,ChoiceWallIR,0,null
929007.4,DIGITAL_IN,TrayWallIR,-1,null
929471.733,PROGRAMMATIC,FeederTimerEvent,-1,null
929471.733,ALWAYS,ITI,-1,null
946789.347,DIGITAL_IN,TrayWallIR,0,null
949471.733,PROGRAMMATIC,ITITimerEvent,-1,null
950368.725,DIGITAL_IN,TrayWallIR,-1,null
952963.55,DIGITAL_IN,TrayWallIR,0,null
953063.505,DIGITAL_IN,TrayWallIR,-1,null
953071.501,DIGITAL_IN,TrayWallIR,0,null
953739.199,DIGITAL_IN,ChoiceWallIR,-1,null
953819.163,DIGITAL_IN,ChoiceWallIR,0,null
953891.13,DIGITAL_IN,ChoiceWallIR,-1,null
954378.733,PROGRAMMATIC,RandITITimerEvent,-1,null
954378.733,PROGRAMMATIC,FIEvent,-1,null
955383.454,DIGITAL_IN,Hole5NP,-1,null
955455.422,DIGITAL_IN,Hole5NP,0,null
955531.387,DIGITAL_IN,Hole5NP,-1,null
956610.898,DIGITAL_IN,Hole5NP,0,null
960281.236,DIGITAL_IN,Hole5NP,-1,null
960357.202,DIGITAL_IN,Hole5NP,0,null
960449.16,DIGITAL_IN,ChoiceWallIR,0,null
961157.839,DIGITAL_IN,Hole5NP,-1,null
961553.66,DIGITAL_IN,Hole5NP,0,null
961573.651,DIGITAL_IN,Hole5NP,-1,null
961685.6,DIGITAL_IN,Hole5NP,0,null
962685.147,DIGITAL_IN,Hole5NP,-1,null
963856.617,DIGITAL_IN,Hole5NP,0,null
964596.282,DIGITAL_IN,ChoiceWallIR,-1,null
965535.856,DIGITAL_IN,Hole5NP,-1,null
966527.407,DIGITAL_IN,Hole5NP,0,null
969378.733,PROGRAMMATIC,FITimerEvent,-1,null
969579.025,DIGITAL_IN,Hole5NP,-1,null
969579.025,PROGRAMMATIC,Hole5Event,-1,null
969666.985,DIGITAL_IN,Hole5NP,0,null
969930.865,DIGITAL_IN,ChoiceWallIR,0,null
969978.844,DIGITAL_IN,ChoiceWallIR,-1,null
969986.84,DIGITAL_IN,ChoiceWallIR,0,null
970002.833,DIGITAL_IN,ChoiceWallIR,-1,null
970230.73,DIGITAL_IN,ChoiceWallIR,0,null
970430.639,DIGITAL_IN,TrayWallIR,-1,null
970779.025,PROGRAMMATIC,FeederTimerEvent,-1,null
970779.025,ALWAYS,ITI,-1,null
988449.478,DIGITAL_IN,TrayWallIR,0,null
988477.466,DIGITAL_IN,TrayWallIR,-1,null
988489.46,DIGITAL_IN,TrayWallIR,0,null
988529.442,DIGITAL_IN,TrayWallIR,-1,null
988565.426,DIGITAL_IN,TrayWallIR,0,null
989409.044,DIGITAL_IN,ChoiceWallIR,-1,null
989680.92,DIGITAL_IN,ChoiceWallIR,0,null
990779.025,PROGRAMMATIC,ITITimerEvent,-1,null
991971.883,DIGITAL_IN,ChoiceWallIR,-1,null
992351.025,PROGRAMMATIC,RandITITimerEvent,-1,null
992351.025,PROGRAMMATIC,FIEvent,-1,null
994135.903,DIGITAL_IN,ChoiceWallIR,0,null
994223.863,DIGITAL_IN,ChoiceWallIR,-1,null
995727.182,DIGITAL_IN,Hole5NP,-1,null
995771.162,DIGITAL_IN,Hole5NP,0,null
997134.545,DIGITAL_IN,Hole5NP,-1,null
997162.532,DIGITAL_IN,Hole5NP,0,null
997202.514,DIGITAL_IN,Hole5NP,-1,null
997446.403,DIGITAL_IN,Hole5NP,0,null
999317.556,DIGITAL_IN,ChoiceWallIR,0,null
999369.532,DIGITAL_IN,ChoiceWallIR,-1,null
1001185.71,DIGITAL_IN,Hole5NP,-1,null
1001497.569,DIGITAL_IN,Hole5NP,0,null
1001637.505,DIGITAL_IN,Hole5NP,-1,null
1002137.279,DIGITAL_IN,Hole5NP,0,null
1005859.593,DIGITAL_IN,Hole5NP,-1,null
1005911.569,DIGITAL_IN,Hole5NP,0,null
1006540.285,DIGITAL_IN,Hole5NP,-1,null
1007347.919,DIGITAL_IN,Hole5NP,0,null
1007351.025,PROGRAMMATIC,FITimerEvent,-1,null
1007571.818,DIGITAL_IN,ChoiceWallIR,0,null
1007707.756,DIGITAL_IN,ChoiceWallIR,-1,null
1009946.742,DIGITAL_IN,ChoiceWallIR,0,null
1009982.726,DIGITAL_IN,ChoiceWallIR,-1,null
1010582.454,DIGITAL_IN,Hole5NP,-1,null
1010582.454,PROGRAMMATIC,Hole5Event,-1,null
1010630.432,DIGITAL_IN,Hole5NP,0,null
1010970.278,DIGITAL_IN,ChoiceWallIR,0,null
1011010.26,DIGITAL_IN,ChoiceWallIR,-1,null
1011190.179,DIGITAL_IN,ChoiceWallIR,0,null
1011386.09,DIGITAL_IN,TrayWallIR,-1,null
1011782.454,PROGRAMMATIC,FeederTimerEvent,-1,null
1011782.454,ALWAYS,ITI,-1,null
1026838.092,DIGITAL_IN,TrayWallIR,0,null
1026954.039,DIGITAL_IN,TrayWallIR,-1,null
1026990.023,DIGITAL_IN,TrayWallIR,0,null
1027002.017,DIGITAL_IN,TrayWallIR,-1,null
1027389.845,DIGITAL_IN,TrayWallIR,0,null
1028385.391,DIGITAL_IN,TrayWallIR,-1,null
1028457.358,DIGITAL_IN,TrayWallIR,0,null
1028877.168,DIGITAL_IN,TrayWallIR,-1,null
1028953.134,DIGITAL_IN,TrayWallIR,0,null
1031404.024,DIGITAL_IN,ChoiceWallIR,-1,null
1031782.454,PROGRAMMATIC,ITITimerEvent,-1,null
1032171.676,DIGITAL_IN,ChoiceWallIR,0,null
1032235.647,DIGITAL_IN,ChoiceWallIR,-1,null
1032820.382,DIGITAL_IN,ChoiceWallIR,0,null
1032916.339,DIGITAL_IN,ChoiceWallIR,-1,null
1032928.333,DIGITAL_IN,ChoiceWallIR,0,null
1032941.454,PROGRAMMATIC,RandITITimerEvent,-1,null
1032941.454,PROGRAMMATIC,PIEvent,-1,null
1033164.226,DIGITAL_IN,ChoiceWallIR,-1,null
1033168.226,DIGITAL_IN,ChoiceWallIR,0,null
1035819.024,DIGITAL_IN,ChoiceWallIR,-1,null
1035994.944,DIGITAL_IN,ChoiceWallIR,0,null
1037290.358,DIGITAL_IN,ChoiceWallIR,-1,null
1037862.099,DIGITAL_IN,ChoiceWallIR,0,null
1038153.967,DIGITAL_IN,Hole5NP,-1,null
1038857.648,DIGITAL_IN,Hole5NP,0,null
1039146.517,DIGITAL_IN,ChoiceWallIR,-1,null
1040785.775,DIGITAL_IN,ChoiceWallIR,0,null
1043076.737,DIGITAL_IN,Hole5NP,-1,null
1043420.581,DIGITAL_IN,Hole5NP,0,null
1043820.4,DIGITAL_IN,Hole5NP,-1,null
1044456.112,DIGITAL_IN,Hole5NP,0,null
1044584.054,DIGITAL_IN,Hole5NP,-1,null
1044759.975,DIGITAL_IN,Hole5NP,0,null
1044767.971,DIGITAL_IN,Hole5NP,-1,null
1044823.946,DIGITAL_IN,Hole5NP,0,null
1045119.812,DIGITAL_IN,Hole5NP,-1,null
1045407.681,DIGITAL_IN,Hole5NP,0,null
1046372.244,DIGITAL_IN,ChoiceWallIR,-1,null
1046568.156,DIGITAL_IN,Hole5NP,-1,null
1047279.833,DIGITAL_IN,Hole5NP,0,null
1047515.726,DIGITAL_IN,ChoiceWallIR,0,null
1047587.694,DIGITAL_IN,ChoiceWallIR,-1,null
1048239.399,DIGITAL_IN,ChoiceWallIR,0,null
1048283.379,DIGITAL_IN,ChoiceWallIR,-1,null
1048891.103,DIGITAL_IN,ChoiceWallIR,0,null
1048955.075,DIGITAL_IN,Hole5NP,-1,null
1049063.026,DIGITAL_IN,Hole5NP,0,null
1049087.015,DIGITAL_IN,ChoiceWallIR,-1,null
1050438.403,DIGITAL_IN,Hole5NP,-1,null
1051138.086,DIGITAL_IN,Hole5NP,0,null
1052158.624,DIGITAL_IN,Hole5NP,-1,null
1053078.207,DIGITAL_IN,Hole5NP,0,null
1055669.034,DIGITAL_IN,ChoiceWallIR,0,null
1057828.056,DIGITAL_IN,TrayWallIR,-1,null
1058051.954,DIGITAL_IN,TrayWallIR,0,null
1059940.1,DIGITAL_IN,ChoiceWallIR,-1,null
1060203.98,DIGITAL_IN,ChoiceWallIR,0,null
1061935.196,DIGITAL_IN,ChoiceWallIR,-1,null
1062838.787,DIGITAL_IN,ChoiceWallIR,0,null
1062882.767,DIGITAL_IN,ChoiceWallIR,-1,null
1064394.082,DIGITAL_IN,Hole5NP,-1,null
1065129.749,DIGITAL_IN,Hole5NP,0,null
1065766.461,DIGITAL_IN,Hole5NP,-1,null
1066186.27,DIGITAL_IN,Hole5NP,0,null
1068129.39,DIGITAL_IN,Hole6NP,-1,null
1068209.354,DIGITAL_IN,Hole6NP,0,null
1068429.254,DIGITAL_IN,Hole5NP,-1,null
1069100.95,DIGITAL_IN,Hole5NP,0,null
1069768.648,DIGITAL_IN,Hole5NP,-1,null
1069920.579,DIGITAL_IN,Hole5NP,0,null
1071703.772,DIGITAL_IN,Hole5NP,-1,null
1071956.657,DIGITAL_IN,Hole5NP,0,null
1072064.608,DIGITAL_IN,Hole5NP,-1,null
1072076.603,DIGITAL_IN,Hole5NP,0,null
1073591.916,DIGITAL_IN,Hole5NP,-1,null
1073767.837,DIGITAL_IN,Hole5NP,0,null
1074307.592,DIGITAL_IN,Hole5NP,-1,null
1074659.433,DIGITAL_IN,Hole5NP,0,null
1077941.454,PROGRAMMATIC,PITimerEvent,-1,null
1077941.454,ALWAYS,ITI,-1,null
1078522.683,DIGITAL_IN,Hole5NP,-1,null
1078970.481,DIGITAL_IN,Hole5NP,0,null
1080521.778,DIGITAL_IN,Hole5NP,-1,null
1080705.694,DIGITAL_IN,Hole5NP,0,null
1081413.374,DIGITAL_IN,ChoiceWallIR,0,null
1081485.341,DIGITAL_IN,ChoiceWallIR,-1,null
1083132.595,DIGITAL_IN,Hole6NP,-1,null
1083644.363,DIGITAL_IN,Hole6NP,0,null
1084436.005,DIGITAL_IN,Hole5NP,-1,null
1084547.954,DIGITAL_IN,Hole5NP,0,null
1085168.673,DIGITAL_IN,Hole5NP,-1,null
1085192.662,DIGITAL_IN,Hole5NP,0,null
1086024.286,DIGITAL_IN,ChoiceWallIR,0,null
1086476.081,DIGITAL_IN,ChoiceWallIR,-1,null
1086596.027,DIGITAL_IN,Hole5NP,-1,null
1086987.849,DIGITAL_IN,Hole5NP,0,null
1087727.514,DIGITAL_IN,ChoiceWallIR,0,null
1087955.411,DIGITAL_IN,ChoiceWallIR,-1,null
1087991.395,DIGITAL_IN,ChoiceWallIR,0,null
1088087.351,DIGITAL_IN,ChoiceWallIR,-1,null
1088091.35,DIGITAL_IN,ChoiceWallIR,0,null
1088147.324,DIGITAL_IN,ChoiceWallIR,-1,null
1090046.464,DIGITAL_IN,ChoiceWallIR,0,null
1090102.439,DIGITAL_IN,ChoiceWallIR,-1,null
1091670.728,DIGITAL_IN,Hole5NP,-1,null
1091978.589,DIGITAL_IN,Hole5NP,0,null
1092962.143,DIGITAL_IN,Hole5NP,-1,null
1093657.828,DIGITAL_IN,Hole5NP,0,null
1094145.607,DIGITAL_IN,Hole5NP,-1,null
1094453.468,DIGITAL_IN,Hole5NP,0,null
1094589.406,DIGITAL_IN,ChoiceWallIR,0,null
1096908.356,DIGITAL_IN,Hole5NP,-1,null
1097120.26,DIGITAL_IN,Hole5NP,0,null
1097719.988,DIGITAL_IN,ChoiceWallIR,-1,null
1097723.988,DIGITAL_IN,ChoiceWallIR,0,null
1097775.963,DIGITAL_IN,ChoiceWallIR,-1,null
1097863.923,DIGITAL_IN,ChoiceWallIR,0,null
1097880.916,DIGITAL_IN,ChoiceWallIR,-1,null
1097941.454,PROGRAMMATIC,ITITimerEvent,-1,null
1098504.633,DIGITAL_IN,ChoiceWallIR,0,null
1098596.591,DIGITAL_IN,ChoiceWallIR,-1,null
1099676.102,DIGITAL_IN,ChoiceWallIR,0,null
1100047.934,DIGITAL_IN,ChoiceWallIR,-1,null
1101383.329,DIGITAL_IN,ChoiceWallIR,0,null
1101627.219,DIGITAL_IN,ChoiceWallIR,-1,null
1101651.208,DIGITAL_IN,ChoiceWallIR,0,null
1101811.135,DIGITAL_IN,ChoiceWallIR,-1,null
1102158.978,DIGITAL_IN,Hole5NP,-1,null
1102174.971,DIGITAL_IN,Hole5NP,0,null
1104618.864,DIGITAL_IN,ChoiceWallIR,0,null
1105534.449,DIGITAL_IN,ChoiceWallIR,-1,null
1105650.397,DIGITAL_IN,Hole5NP,-1,null
1105910.279,DIGITAL_IN,Hole5NP,0,null
1106490.016,DIGITAL_IN,ChoiceWallIR,0,null
1106561.984,DIGITAL_IN,ChoiceWallIR,-1,null
1106592.454,PROGRAMMATIC,RandITITimerEvent,-1,null
1106592.454,PROGRAMMATIC,FIEvent,-1,null
1107977.343,DIGITAL_IN,Hole5NP,-1,null
1108013.327,DIGITAL_IN,Hole5NP,0,null
1111208.879,DIGITAL_IN,Hole5NP,-1,null
1111432.778,DIGITAL_IN,Hole5NP,0,null
1112344.365,DIGITAL_IN,Hole5NP,-1,null
1112828.146,DIGITAL_IN,Hole5NP,0,null
1112932.099,DIGITAL_IN,ChoiceWallIR,0,null
1113128.01,DIGITAL_IN,ChoiceWallIR,-1,null
1113443.867,DIGITAL_IN,Hole5NP,-1,null
1114063.586,DIGITAL_IN,Hole5NP,0,null
1114923.197,DIGITAL_IN,ChoiceWallIR,0,null
1115147.095,DIGITAL_IN,ChoiceWallIR,-1,null
1115990.713,DIGITAL_IN,Hole5NP,-1,null
1116150.641,DIGITAL_IN,Hole5NP,0,null
1116386.534,DIGITAL_IN,Hole5NP,-1,null
1116406.525,DIGITAL_IN,Hole5NP,0,null
1116430.514,DIGITAL_IN,Hole5NP,-1,null
1116450.505,DIGITAL_IN,Hole5NP,0,null
1116582.445,DIGITAL_IN,Hole5NP,-1,null
1116598.438,DIGITAL_IN,Hole5NP,0,null
1116614.431,DIGITAL_IN,Hole5NP,-1,null
1116630.424,DIGITAL_IN,ChoiceWallIR,0,null
1116662.409,DIGITAL_IN,Hole5NP,0,null
1116846.326,DIGITAL_IN,Hole5NP,-1,null
1117402.074,DIGITAL_IN,Hole5NP,0,null
1117442.056,DIGITAL_IN,Hole5NP,-1,null
1117547.009,DIGITAL_IN,ChoiceWallIR,-1,null
1117547.009,DIGITAL_IN,Hole5NP,0,null
1117806.891,DIGITAL_IN,Hole5NP,-1,null
1118466.592,DIGITAL_IN,Hole5NP,0,null
1119198.261,DIGITAL_IN,ChoiceWallIR,0,null
1119326.203,DIGITAL_IN,ChoiceWallIR,-1,null
1119330.202,DIGITAL_IN,ChoiceWallIR,0,null
1119346.194,DIGITAL_IN,ChoiceWallIR,-1,null
1121592.454,PROGRAMMATIC,FITimerEvent,-1,null
1122112.941,DIGITAL_IN,Hole5NP,-1,null
1122112.941,PROGRAMMATIC,Hole5Event,-1,null
1122200.901,DIGITAL_IN,Hole5NP,0,null
1122688.68,DIGITAL_IN,ChoiceWallIR,0,null
1122748.653,DIGITAL_IN,ChoiceWallIR,-1,null
1122824.618,DIGITAL_IN,ChoiceWallIR,0,null
1122932.569,DIGITAL_IN,TrayWallIR,-1,null
1123312.941,PROGRAMMATIC,FeederTimerEvent,-1,null
1123312.941,ALWAYS,ITI,-1,null
1140535.597,DIGITAL_IN,TrayWallIR,0,null
1141215.289,DIGITAL_IN,TrayWallIR,-1,null
1143312.941,PROGRAMMATIC,ITITimerEvent,-1,null
1143410.295,DIGITAL_IN,TrayWallIR,0,null
1144194.939,DIGITAL_IN,TrayWallIR,-1,null
1146270.0,DIGITAL_IN,TrayWallIR,0,null
1146589.855,DIGITAL_IN,TrayWallIR,-1,null
1146613.844,DIGITAL_IN,TrayWallIR,0,null
1146817.752,DIGITAL_IN,ChoiceWallIR,-1,null
1147001.668,DIGITAL_IN,ChoiceWallIR,0,null
1147049.646,DIGITAL_IN,Hole5NP,-1,null
1147109.619,DIGITAL_IN,Hole5NP,0,null
1147121.614,DIGITAL_IN,Hole5NP,-1,null
1147189.583,DIGITAL_IN,Hole5NP,0,null
1147725.34,DIGITAL_IN,ChoiceWallIR,-1,null
1147813.301,DIGITAL_IN,ChoiceWallIR,0,null
1149164.689,DIGITAL_IN,ChoiceWallIR,-1,null
1149464.553,DIGITAL_IN,ChoiceWallIR,0,null
1149976.321,DIGITAL_IN,ChoiceWallIR,-1,null
1150341.156,DIGITAL_IN,ChoiceWallIR,0,null
1150512.941,PROGRAMMATIC,RandITITimerEvent,-1,null
1150512.941,PROGRAMMATIC,FIEvent,-1,null
1152076.37,DIGITAL_IN,ChoiceWallIR,-1,null
1154795.138,DIGITAL_IN,ChoiceWallIR,0,null
1154823.126,DIGITAL_IN,Hole5NP,-1,null
1154879.1,DIGITAL_IN,Hole5NP,0,null
1154927.079,DIGITAL_IN,ChoiceWallIR,-1,null
1161037.311,DIGITAL_IN,Hole5NP,-1,null
1161065.299,DIGITAL_IN,Hole5NP,0,null
1164516.735,DIGITAL_IN,ChoiceWallIR,0,null
1165512.941,PROGRAMMATIC,FITimerEvent,-1,null
1165764.17,DIGITAL_IN,ChoiceWallIR,-1,null
1165820.145,DIGITAL_IN,ChoiceWallIR,0,null
1166016.056,DIGITAL_IN,ChoiceWallIR,-1,null
1171870.405,DIGITAL_IN,Hole5NP,-1,null
1171870.405,PROGRAMMATIC,Hole5Event,-1,null
1171906.389,DIGITAL_IN,Hole5NP,0,null
1172106.298,DIGITAL_IN,ChoiceWallIR,0,null
1172118.293,DIGITAL_IN,ChoiceWallIR,-1,null
1172490.124,DIGITAL_IN,ChoiceWallIR,0,null
1172602.074,DIGITAL_IN,TrayWallIR,-1,null
1173070.405,PROGRAMMATIC,FeederTimerEvent,-1,null
1173070.405,ALWAYS,ITI,-1,null
1191104.694,DIGITAL_IN,TrayWallIR,0,null
1191136.679,DIGITAL_IN,TrayWallIR,-1,null
1191140.678,DIGITAL_IN,TrayWallIR,0,null
1192124.232,DIGITAL_IN,ChoiceWallIR,-1,null
1192140.225,DIGITAL_IN,ChoiceWallIR,0,null
1192244.177,DIGITAL_IN,ChoiceWallIR,-1,null
1192851.902,DIGITAL_IN,ChoiceWallIR,0,null
1192927.868,DIGITAL_IN,ChoiceWallIR,-1,null
1193070.405,PROGRAMMATIC,ITITimerEvent,-1,null
1198654.277,DIGITAL_IN,ChoiceWallIR,0,null
1199003.405,PROGRAMMATIC,RandITITimerEvent,-1,null
1199003.405,PROGRAMMATIC,PIEvent,-1,null
1199210.023,DIGITAL_IN,TrayWallIR,-1,null
1199214.022,DIGITAL_IN,TrayWallIR,0,null
1201101.166,DIGITAL_IN,TrayWallIR,-1,null
1201616.932,DIGITAL_IN,TrayWallIR,0,null
1201816.842,DIGITAL_IN,TrayWallIR,-1,null
1201824.838,DIGITAL_IN,TrayWallIR,0,null
1202733.427,DIGITAL_IN,ChoiceWallIR,-1,null
1202753.418,DIGITAL_IN,ChoiceWallIR,0,null
1202977.316,DIGITAL_IN,ChoiceWallIR,-1,null
1203565.05,DIGITAL_IN,ChoiceWallIR,0,null
1203932.883,DIGITAL_IN,Hole5NP,-1,null
1204196.764,DIGITAL_IN,Hole5NP,0,null
1204376.682,DIGITAL_IN,ChoiceWallIR,-1,null
1205156.329,DIGITAL_IN,ChoiceWallIR,0,null
1207215.397,DIGITAL_IN,Hole5NP,-1,null
1207419.304,DIGITAL_IN,Hole5NP,0,null
1209007.585,DIGITAL_IN,Hole6NP,-1,null
1209019.58,DIGITAL_IN,Hole6NP,0,null
1209315.446,DIGITAL_IN,Hole5NP,-1,null
1209879.19,DIGITAL_IN,Hole5NP,0,null
1210103.089,DIGITAL_IN,ChoiceWallIR,-1,null
1210378.964,DIGITAL_IN,ChoiceWallIR,0,null
1211430.488,DIGITAL_IN,ChoiceWallIR,-1,null
1213605.503,DIGITAL_IN,ChoiceWallIR,0,null
1214437.126,DIGITAL_IN,TrayWallIR,-1,null
1214445.122,DIGITAL_IN,TrayWallIR,0,null
1215957.437,DIGITAL_IN,TrayWallIR,-1,null
1215977.428,DIGITAL_IN,TrayWallIR,0,null
1216181.336,DIGITAL_IN,TrayWallIR,-1,null
1216337.266,DIGITAL_IN,TrayWallIR,0,null
1216905.008,DIGITAL_IN,ChoiceWallIR,-1,null
1216924.999,DIGITAL_IN,ChoiceWallIR,0,null
1217284.836,DIGITAL_IN,ChoiceWallIR,-1,null
1217316.822,DIGITAL_IN,ChoiceWallIR,0,null
1217416.776,DIGITAL_IN,Hole5NP,-1,null
1217464.755,DIGITAL_IN,Hole5NP,0,null
1217856.577,DIGITAL_IN,Hole5NP,-1,null
1217864.574,DIGITAL_IN,ChoiceWallIR,-1,null
1217904.556,DIGITAL_IN,Hole5NP,0,null
1218840.132,DIGITAL_IN,Hole5NP,-1,null
1218856.125,DIGITAL_IN,Hole5NP,0,null
1219251.945,DIGITAL_IN,Hole5NP,-1,null
1219691.746,DIGITAL_IN,Hole5NP,0,null
1220179.525,DIGITAL_IN,Hole5NP,-1,null
1220235.5,DIGITAL_IN,Hole5NP,0,null
1220287.476,DIGITAL_IN,Hole5NP,-1,null
1220595.337,DIGITAL_IN,Hole5NP,0,null
1220695.292,DIGITAL_IN,Hole5NP,-1,null
1220919.19,DIGITAL_IN,Hole5NP,0,null
1221366.987,DIGITAL_IN,Hole5NP,-1,null
1221586.888,DIGITAL_IN,Hole5NP,0,null
1222255.585,DIGITAL_IN,Hole6NP,-1,null
1222347.543,DIGITAL_IN,Hole6NP,0,null
1222407.516,DIGITAL_IN,Hole6NP,-1,null
1222439.502,DIGITAL_IN,Hole6NP,0,null
1222639.411,DIGITAL_IN,Hole5NP,-1,null
1223187.163,DIGITAL_IN,Hole5NP,0,null
1224890.392,DIGITAL_IN,ChoiceWallIR,0,null
1226109.839,DIGITAL_IN,Hole5NP,-1,null
1226153.819,DIGITAL_IN,Hole5NP,0,null
1226981.445,DIGITAL_IN,Hole5NP,-1,null
1227765.09,DIGITAL_IN,Hole5NP,0,null
1228801.62,DIGITAL_IN,Hole5NP,-1,null
1229213.434,DIGITAL_IN,Hole5NP,0,null
1230668.775,DIGITAL_IN,Hole5NP,-1,null
1230844.695,DIGITAL_IN,Hole5NP,0,null
1230944.651,DIGITAL_IN,ChoiceWallIR,-1,null
1231532.383,DIGITAL_IN,ChoiceWallIR,0,null
1232340.018,DIGITAL_IN,Hole5NP,-1,null
1232791.813,DIGITAL_IN,Hole5NP,0,null
1233027.706,DIGITAL_IN,ChoiceWallIR,-1,null
1234830.889,DIGITAL_IN,ChoiceWallIR,0,null
1235159.74,DIGITAL_IN,Hole5NP,-1,null
1235615.534,DIGITAL_IN,Hole5NP,0,null
1237294.774,DIGITAL_IN,Hole5NP,-1,null
1237514.674,DIGITAL_IN,Hole5NP,0,null
1237678.6,DIGITAL_IN,ChoiceWallIR,-1,null
1238942.027,DIGITAL_IN,ChoiceWallIR,0,null
1239673.696,DIGITAL_IN,Hole5NP,-1,null
1239937.577,DIGITAL_IN,Hole5NP,0,null
1240321.403,DIGITAL_IN,ChoiceWallIR,-1,null
1241181.013,DIGITAL_IN,ChoiceWallIR,0,null
1241701.778,DIGITAL_IN,TrayWallIR,-1,null
1242661.343,DIGITAL_IN,TrayWallIR,0,null
1243181.108,DIGITAL_IN,ChoiceWallIR,-1,null
1243289.059,DIGITAL_IN,ChoiceWallIR,0,null
1243301.053,DIGITAL_IN,ChoiceWallIR,-1,null
1243452.984,DIGITAL_IN,ChoiceWallIR,0,null
1244003.405,PROGRAMMATIC,PITimerEvent,-1,null
1244003.405,ALWAYS,ITI,-1,null
1244020.727,DIGITAL_IN,Hole5NP,-1,null
1244216.64,DIGITAL_IN,Hole5NP,0,null
1244236.629,DIGITAL_IN,ChoiceWallIR,-1,null
1244248.624,DIGITAL_IN,ChoiceWallIR,0,null
1245460.075,DIGITAL_IN,ChoiceWallIR,-1,null
1246847.447,DIGITAL_IN,ChoiceWallIR,0,null
1247389.944,PROGRAM,TERMINATE,-1,null
1247389.944,PROGRAM,END,-1,null
