Program: PeakIntervalMiddleHopper, Version Checkstring: 1wt79hn_1521d29a745.tnt.vcs, Box Name: Box 01, Setup: 1, _DateTime: Tue Feb 15 11:02:24 AST 2022, Version: 1, _ResultSize: 62792, Controller: Brown Lab 192.168.0.227, Username: Richard Brown, _LineMap: <non-comparable key value>, Auto-Upload Results: yes, _ConSoftwareVer: cu3.22:i21, _TestRunID: null, _SetupTS: 1511bb97c98_1.cnssetup, _ConUniqueID: 00:2:b3:cd:82:23, Status: Unverified   TRANSIENT: index: 5656 source: cenes.tnt.filter.Archive@45a4730a
0.0,DIGITAL_IN,ChoiceWallIR,-1,null
0.0,DIGITAL_IN,TrayReport,-1,null
0.0,PROGRAM,START,6834,6834
0.0,BLOCK,START,1,null
0.0,PROGRAMMATIC,FIEvent,-1,null
62.921,DIGITAL_IN,ChoiceWallIR,0,null
194.862,DIGITAL_IN,ChoiceWallIR,-1,null
470.737,DIGITAL_IN,ChoiceWallIR,0,null
494.726,DIGITAL_IN,ChoiceWallIR,-1,null
502.723,DIGITAL_IN,ChoiceWallIR,0,null
618.67,DIGITAL_IN,TrayWallIR,-1,null
1346.34,DIGITAL_IN,TrayWallIR,0,null
1566.241,DIGITAL_IN,TrayWallIR,-1,null
1590.23,DIGITAL_IN,TrayWallIR,0,null
1618.217,DIGITAL_IN,TrayWallIR,-1,null
1634.21,DIGITAL_IN,TrayWallIR,0,null
1786.141,DIGITAL_IN,TrayWallIR,-1,null
1790.141,DIGITAL_IN,TrayWallIR,0,null
3021.581,DIGITAL_IN,ChoiceWallIR,-1,null
3217.493,DIGITAL_IN,ChoiceWallIR,0,null
3433.395,DIGITAL_IN,ChoiceWallIR,-1,null
3445.389,DIGITAL_IN,ChoiceWallIR,0,null
3729.261,DIGITAL_IN,Hole6NP,-1,null
3773.241,DIGITAL_IN,ChoiceWallIR,-1,null
3773.241,DIGITAL_IN,Hole6NP,0,null
3929.17,DIGITAL_IN,Hole5NP,-1,null
3969.152,DIGITAL_IN,ChoiceWallIR,0,null
4005.136,DIGITAL_IN,ChoiceWallIR,-1,null
4013.132,DIGITAL_IN,Hole5NP,0,null
4165.064,DIGITAL_IN,ChoiceWallIR,0,null
4772.788,DIGITAL_IN,Hole5NP,-1,null
4880.739,DIGITAL_IN,Hole5NP,0,null
5437.487,DIGITAL_IN,Hole5NP,-1,null
5481.467,DIGITAL_IN,Hole5NP,0,null
5637.397,DIGITAL_IN,Hole5NP,-1,null
5693.371,DIGITAL_IN,Hole5NP,0,null
5945.257,DIGITAL_IN,ChoiceWallIR,-1,null
5989.237,DIGITAL_IN,ChoiceWallIR,0,null
6513.0,DIGITAL_IN,Hole5NP,-1,null
6580.969,DIGITAL_IN,ChoiceWallIR,-1,null
6584.968,DIGITAL_IN,Hole5NP,0,null
6668.93,DIGITAL_IN,ChoiceWallIR,0,null
6696.917,DIGITAL_IN,ChoiceWallIR,-1,null
6744.895,DIGITAL_IN,ChoiceWallIR,0,null
6848.848,DIGITAL_IN,ChoiceWallIR,-1,null
6852.848,DIGITAL_IN,ChoiceWallIR,0,null
6860.843,DIGITAL_IN,ChoiceWallIR,-1,null
8412.14,DIGITAL_IN,Hole4NP,-1,null
8476.111,DIGITAL_IN,Hole4NP,0,null
8763.981,DIGITAL_IN,Hole5NP,-1,null
8851.941,DIGITAL_IN,Hole5NP,0,null
8963.89,DIGITAL_IN,ChoiceWallIR,0,null
9087.834,DIGITAL_IN,ChoiceWallIR,-1,null
9115.821,DIGITAL_IN,ChoiceWallIR,0,null
9511.642,DIGITAL_IN,ChoiceWallIR,-1,null
9747.535,DIGITAL_IN,ChoiceWallIR,0,null
9879.475,DIGITAL_IN,ChoiceWallIR,-1,null
10183.338,DIGITAL_IN,ChoiceWallIR,0,null
10611.144,DIGITAL_IN,ChoiceWallIR,-1,null
10615.143,DIGITAL_IN,ChoiceWallIR,0,null
10839.041,DIGITAL_IN,ChoiceWallIR,-1,null
10950.99,DIGITAL_IN,ChoiceWallIR,0,null
11022.958,DIGITAL_IN,Hole5NP,-1,null
11098.923,DIGITAL_IN,Hole5NP,0,null
11366.802,DIGITAL_IN,ChoiceWallIR,-1,null
11370.801,DIGITAL_IN,ChoiceWallIR,0,null
11586.702,DIGITAL_IN,Hole5NP,-1,null
11662.668,DIGITAL_IN,ChoiceWallIR,-1,null
11694.653,DIGITAL_IN,ChoiceWallIR,0,null
11778.616,DIGITAL_IN,Hole5NP,0,null
11927.548,DIGITAL_IN,ChoiceWallIR,-1,null
12179.434,DIGITAL_IN,ChoiceWallIR,0,null
12267.394,DIGITAL_IN,Hole5NP,-1,null
12287.385,DIGITAL_IN,Hole5NP,0,null
12311.374,DIGITAL_IN,ChoiceWallIR,-1,null
12363.35,DIGITAL_IN,ChoiceWallIR,0,null
12599.244,DIGITAL_IN,ChoiceWallIR,-1,null
12715.191,DIGITAL_IN,ChoiceWallIR,0,null
12791.157,DIGITAL_IN,ChoiceWallIR,-1,null
12815.146,DIGITAL_IN,ChoiceWallIR,0,null
12867.122,DIGITAL_IN,ChoiceWallIR,-1,null
12923.097,DIGITAL_IN,ChoiceWallIR,0,null
13095.019,DIGITAL_IN,ChoiceWallIR,-1,null
13302.925,DIGITAL_IN,ChoiceWallIR,0,null
13370.894,DIGITAL_IN,Hole5NP,-1,null
13394.883,DIGITAL_IN,Hole5NP,0,null
13414.874,DIGITAL_IN,ChoiceWallIR,-1,null
13542.816,DIGITAL_IN,ChoiceWallIR,0,null
13770.713,DIGITAL_IN,ChoiceWallIR,-1,null
13962.626,DIGITAL_IN,Hole5NP,-1,null
14030.596,DIGITAL_IN,Hole5NP,0,null
14170.532,DIGITAL_IN,ChoiceWallIR,0,null
14238.501,DIGITAL_IN,Hole6NP,-1,null
14298.474,DIGITAL_IN,Hole6NP,0,null
14470.396,DIGITAL_IN,ChoiceWallIR,-1,null
14562.355,DIGITAL_IN,Hole5NP,-1,null
14614.331,DIGITAL_IN,ChoiceWallIR,0,null
14642.318,DIGITAL_IN,ChoiceWallIR,-1,null
14650.315,DIGITAL_IN,Hole5NP,0,null
14894.204,DIGITAL_IN,ChoiceWallIR,0,null
14946.182,DIGITAL_IN,ChoiceWallIR,-1,null
15000.0,PROGRAMMATIC,FITimerEvent,-1,null
15178.076,DIGITAL_IN,ChoiceWallIR,0,null
15190.07,DIGITAL_IN,Hole5NP,-1,null
15190.07,PROGRAMMATIC,Hole5Event,-1,null
15218.058,DIGITAL_IN,Hole5NP,0,null
15238.049,DIGITAL_IN,ChoiceWallIR,-1,null
15274.032,DIGITAL_IN,ChoiceWallIR,0,null
15505.927,DIGITAL_IN,ChoiceWallIR,-1,null
15513.924,DIGITAL_IN,ChoiceWallIR,0,null
15557.904,DIGITAL_IN,ChoiceWallIR,-1,null
15561.903,DIGITAL_IN,ChoiceWallIR,0,null
15689.844,DIGITAL_IN,TrayWallIR,-1,null
16390.07,PROGRAMMATIC,FeederTimerEvent,-1,null
16390.07,ALWAYS,ITI,-1,null
28066.238,DIGITAL_IN,TrayWallIR,0,null
28130.209,DIGITAL_IN,TrayWallIR,-1,null
28154.199,DIGITAL_IN,TrayWallIR,0,null
28562.014,DIGITAL_IN,TrayWallIR,-1,null
31601.637,DIGITAL_IN,TrayWallIR,0,null
31665.608,DIGITAL_IN,TrayWallIR,-1,null
31697.594,DIGITAL_IN,TrayWallIR,0,null
32553.206,DIGITAL_IN,TrayWallIR,-1,null
33264.884,DIGITAL_IN,TrayWallIR,0,null
36390.07,PROGRAMMATIC,ITITimerEvent,-1,null
36995.194,DIGITAL_IN,TrayWallIR,-1,null
37698.876,DIGITAL_IN,TrayWallIR,0,null
37782.838,DIGITAL_IN,TrayWallIR,-1,null
39143.222,DIGITAL_IN,TrayWallIR,0,null
40546.586,DIGITAL_IN,ChoiceWallIR,-1,null
40862.443,DIGITAL_IN,ChoiceWallIR,0,null
42133.867,DIGITAL_IN,ChoiceWallIR,-1,null
42309.787,DIGITAL_IN,ChoiceWallIR,0,null
42349.769,DIGITAL_IN,ChoiceWallIR,-1,null
42377.757,DIGITAL_IN,ChoiceWallIR,0,null
42553.677,DIGITAL_IN,ChoiceWallIR,-1,null
43141.411,DIGITAL_IN,ChoiceWallIR,0,null
43189.389,DIGITAL_IN,ChoiceWallIR,-1,null
43193.388,DIGITAL_IN,ChoiceWallIR,0,null
43313.333,DIGITAL_IN,TrayWallIR,-1,null
43749.136,DIGITAL_IN,TrayWallIR,0,null
44049.0,DIGITAL_IN,TrayWallIR,-1,null
45189.483,DIGITAL_IN,TrayWallIR,0,null
45317.425,DIGITAL_IN,TrayWallIR,-1,null
45321.424,DIGITAL_IN,TrayWallIR,0,null
45683.07,PROGRAMMATIC,RandITITimerEvent,-1,null
45683.07,PROGRAMMATIC,PIEvent,-1,null
47736.33,DIGITAL_IN,ChoiceWallIR,-1,null
47772.313,DIGITAL_IN,ChoiceWallIR,0,null
47808.297,DIGITAL_IN,ChoiceWallIR,-1,null
48088.17,DIGITAL_IN,ChoiceWallIR,0,null
48124.154,DIGITAL_IN,Hole5NP,-1,null
48140.147,DIGITAL_IN,Hole5NP,0,null
48320.065,DIGITAL_IN,Hole5NP,-1,null
48460.002,DIGITAL_IN,Hole5NP,0,null
48499.984,DIGITAL_IN,Hole5NP,-1,null
48535.967,DIGITAL_IN,Hole5NP,0,null
48707.89,DIGITAL_IN,Hole5NP,-1,null
48747.872,DIGITAL_IN,Hole5NP,0,null
48783.855,DIGITAL_IN,Hole5NP,-1,null
48839.83,DIGITAL_IN,Hole5NP,0,null
49075.723,DIGITAL_IN,ChoiceWallIR,-1,null
49111.707,DIGITAL_IN,ChoiceWallIR,0,null
49183.674,DIGITAL_IN,ChoiceWallIR,-1,null
49251.643,DIGITAL_IN,ChoiceWallIR,0,null
49275.632,DIGITAL_IN,Hole5NP,-1,null
49407.573,DIGITAL_IN,Hole5NP,0,null
49659.459,DIGITAL_IN,Hole5NP,-1,null
49719.432,DIGITAL_IN,Hole5NP,0,null
50111.254,DIGITAL_IN,ChoiceWallIR,-1,null
50179.223,DIGITAL_IN,ChoiceWallIR,0,null
50531.064,DIGITAL_IN,ChoiceWallIR,-1,null
50730.973,DIGITAL_IN,ChoiceWallIR,0,null
50822.932,DIGITAL_IN,Hole5NP,-1,null
50874.908,DIGITAL_IN,Hole5NP,0,null
51287.721,DIGITAL_IN,ChoiceWallIR,-1,null
51515.618,DIGITAL_IN,ChoiceWallIR,0,null
51527.613,DIGITAL_IN,Hole6NP,-1,null
51583.587,DIGITAL_IN,Hole6NP,0,null
51767.504,DIGITAL_IN,Hole5NP,-1,null
51983.406,DIGITAL_IN,Hole5NP,0,null
52147.332,DIGITAL_IN,ChoiceWallIR,-1,null
52147.332,DIGITAL_IN,Hole5NP,-1,null
52267.278,DIGITAL_IN,Hole5NP,0,null
52279.272,DIGITAL_IN,ChoiceWallIR,0,null
52831.022,DIGITAL_IN,ChoiceWallIR,-1,null
52859.01,DIGITAL_IN,ChoiceWallIR,0,null
52958.964,DIGITAL_IN,ChoiceWallIR,-1,null
53150.877,DIGITAL_IN,ChoiceWallIR,0,null
53398.765,DIGITAL_IN,ChoiceWallIR,-1,null
53630.66,DIGITAL_IN,ChoiceWallIR,0,null
53706.626,DIGITAL_IN,ChoiceWallIR,-1,null
53966.508,DIGITAL_IN,ChoiceWallIR,0,null
54410.307,DIGITAL_IN,Hole5NP,-1,null
54458.285,DIGITAL_IN,Hole5NP,0,null
54674.187,DIGITAL_IN,Hole5NP,-1,null
54782.139,DIGITAL_IN,Hole5NP,0,null
54822.12,DIGITAL_IN,Hole5NP,-1,null
54858.109,DIGITAL_IN,Hole5NP,0,null
54986.046,DIGITAL_IN,ChoiceWallIR,-1,null
55046.019,DIGITAL_IN,ChoiceWallIR,0,null
55173.961,DIGITAL_IN,Hole5NP,-1,null
55301.903,DIGITAL_IN,Hole5NP,0,null
55329.891,DIGITAL_IN,ChoiceWallIR,-1,null
55865.648,DIGITAL_IN,ChoiceWallIR,0,null
55905.63,DIGITAL_IN,Hole5NP,-1,null
55925.621,DIGITAL_IN,Hole5NP,0,null
55945.612,DIGITAL_IN,Hole5NP,-1,null
55965.603,DIGITAL_IN,Hole5NP,0,null
56157.516,DIGITAL_IN,Hole5NP,-1,null
56245.476,DIGITAL_IN,ChoiceWallIR,-1,null
56249.475,DIGITAL_IN,ChoiceWallIR,0,null
56257.47,DIGITAL_IN,ChoiceWallIR,-1,null
56265.467,DIGITAL_IN,Hole5NP,0,null
56269.465,DIGITAL_IN,ChoiceWallIR,0,null
56317.443,DIGITAL_IN,ChoiceWallIR,-1,null
56573.327,DIGITAL_IN,ChoiceWallIR,0,null
56625.304,DIGITAL_IN,ChoiceWallIR,-1,null
56929.166,DIGITAL_IN,Hole5NP,-1,null
56941.161,DIGITAL_IN,ChoiceWallIR,0,null
56989.139,DIGITAL_IN,ChoiceWallIR,-1,null
57113.083,DIGITAL_IN,ChoiceWallIR,0,null
57149.067,DIGITAL_IN,ChoiceWallIR,-1,null
57177.054,DIGITAL_IN,Hole5NP,0,null
57380.962,DIGITAL_IN,Hole5NP,-1,null
57428.94,DIGITAL_IN,Hole5NP,0,null
57580.871,DIGITAL_IN,Hole5NP,-1,null
57657.836,DIGITAL_IN,ChoiceWallIR,0,null
57677.827,DIGITAL_IN,ChoiceWallIR,-1,null
57697.818,DIGITAL_IN,ChoiceWallIR,0,null
57717.809,DIGITAL_IN,Hole5NP,0,null
57761.789,DIGITAL_IN,ChoiceWallIR,-1,null
57909.722,DIGITAL_IN,ChoiceWallIR,0,null
58137.619,DIGITAL_IN,ChoiceWallIR,-1,null
58321.536,DIGITAL_IN,Hole5NP,-1,null
58405.497,DIGITAL_IN,Hole5NP,0,null
58541.436,DIGITAL_IN,Hole5NP,-1,null
58773.331,DIGITAL_IN,Hole5NP,0,null
59005.226,DIGITAL_IN,Hole5NP,-1,null
59073.195,DIGITAL_IN,Hole5NP,0,null
59429.034,DIGITAL_IN,Hole5NP,-1,null
59485.009,DIGITAL_IN,Hole5NP,0,null
59744.891,DIGITAL_IN,ChoiceWallIR,0,null
59772.878,DIGITAL_IN,ChoiceWallIR,-1,null
59788.871,DIGITAL_IN,Hole6NP,-1,null
59808.862,DIGITAL_IN,Hole6NP,0,null
60104.728,DIGITAL_IN,Hole5NP,-1,null
60260.657,DIGITAL_IN,Hole5NP,0,null
60480.558,DIGITAL_IN,Hole5NP,-1,null
60624.492,DIGITAL_IN,Hole5NP,0,null
60852.389,DIGITAL_IN,Hole6NP,-1,null
60916.36,DIGITAL_IN,Hole6NP,0,null
61516.089,DIGITAL_IN,Hole5NP,-1,null
61656.025,DIGITAL_IN,Hole5NP,0,null
62227.766,DIGITAL_IN,Hole5NP,-1,null
62351.71,DIGITAL_IN,Hole5NP,0,null
62607.595,DIGITAL_IN,Hole6NP,-1,null
62711.547,DIGITAL_IN,Hole6NP,0,null
62983.424,DIGITAL_IN,Hole6NP,-1,null
63027.404,DIGITAL_IN,Hole6NP,0,null
63239.308,DIGITAL_IN,Hole5NP,-1,null
63271.294,DIGITAL_IN,Hole5NP,0,null
63315.274,DIGITAL_IN,Hole5NP,-1,null
63467.205,DIGITAL_IN,Hole5NP,0,null
63479.2,DIGITAL_IN,Hole5NP,-1,null
63563.161,DIGITAL_IN,Hole5NP,0,null
63663.116,DIGITAL_IN,Hole5NP,-1,null
63771.067,DIGITAL_IN,Hole5NP,0,null
63787.06,DIGITAL_IN,Hole5NP,-1,null
63895.011,DIGITAL_IN,Hole5NP,0,null
64507.734,DIGITAL_IN,Hole5NP,-1,null
64727.634,DIGITAL_IN,Hole5NP,0,null
64743.627,DIGITAL_IN,Hole5NP,-1,null
64879.565,DIGITAL_IN,Hole5NP,0,null
65475.295,DIGITAL_IN,Hole5NP,-1,null
65695.196,DIGITAL_IN,Hole5NP,0,null
66099.013,DIGITAL_IN,Hole6NP,-1,null
66258.941,DIGITAL_IN,Hole6NP,0,null
66550.808,DIGITAL_IN,Hole5NP,-1,null
66714.734,DIGITAL_IN,Hole5NP,0,null
66738.723,DIGITAL_IN,Hole5NP,-1,null
66970.618,DIGITAL_IN,Hole5NP,0,null
67258.488,DIGITAL_IN,ChoiceWallIR,0,null
67326.457,DIGITAL_IN,ChoiceWallIR,-1,null
68186.068,DIGITAL_IN,Hole4NP,-1,null
68310.012,DIGITAL_IN,Hole4NP,0,null
68497.927,DIGITAL_IN,Hole5NP,-1,null
68657.854,DIGITAL_IN,Hole5NP,0,null
68673.847,DIGITAL_IN,Hole5NP,-1,null
68893.747,DIGITAL_IN,Hole5NP,0,null
70129.188,DIGITAL_IN,ChoiceWallIR,0,null
70873.851,DIGITAL_IN,ChoiceWallIR,-1,null
70877.849,DIGITAL_IN,ChoiceWallIR,0,null
70945.818,DIGITAL_IN,ChoiceWallIR,-1,null
71205.7,DIGITAL_IN,Hole6NP,-1,null
71281.666,DIGITAL_IN,Hole6NP,0,null
71449.59,DIGITAL_IN,Hole5NP,-1,null
71761.448,DIGITAL_IN,Hole5NP,0,null
71889.391,DIGITAL_IN,Hole5NP,-1,null
71921.376,DIGITAL_IN,Hole5NP,0,null
71997.342,DIGITAL_IN,Hole5NP,-1,null
72073.307,DIGITAL_IN,Hole5NP,0,null
72469.128,DIGITAL_IN,ChoiceWallIR,0,null
72469.128,DIGITAL_IN,Hole5NP,-1,null
72521.104,DIGITAL_IN,Hole5NP,0,null
72677.034,DIGITAL_IN,Hole5NP,-1,null
72872.945,DIGITAL_IN,Hole5NP,0,null
73184.804,DIGITAL_IN,ChoiceWallIR,-1,null
73348.729,DIGITAL_IN,Hole5NP,-1,null
73384.713,DIGITAL_IN,Hole5NP,0,null
73596.617,DIGITAL_IN,ChoiceWallIR,0,null
73616.608,DIGITAL_IN,ChoiceWallIR,-1,null
73688.576,DIGITAL_IN,ChoiceWallIR,0,null
73860.498,DIGITAL_IN,ChoiceWallIR,-1,null
74304.297,DIGITAL_IN,ChoiceWallIR,0,null
74560.181,DIGITAL_IN,TrayWallIR,-1,null
77251.962,DIGITAL_IN,TrayWallIR,0,null
77259.958,DIGITAL_IN,TrayWallIR,-1,null
77267.954,DIGITAL_IN,TrayWallIR,0,null
77827.701,DIGITAL_IN,TrayWallIR,-1,null
79626.886,DIGITAL_IN,TrayWallIR,0,null
79866.777,DIGITAL_IN,TrayWallIR,-1,null
79874.774,DIGITAL_IN,TrayWallIR,0,null
80654.421,DIGITAL_IN,TrayWallIR,-1,null
80658.421,DIGITAL_IN,TrayWallIR,0,null
81482.046,DIGITAL_IN,TrayWallIR,-1,null
82161.738,DIGITAL_IN,TrayWallIR,0,null
82173.733,DIGITAL_IN,TrayWallIR,-1,null
82177.732,DIGITAL_IN,TrayWallIR,0,null
82533.57,DIGITAL_IN,ChoiceWallIR,-1,null
82541.566,DIGITAL_IN,ChoiceWallIR,0,null
82813.443,DIGITAL_IN,ChoiceWallIR,-1,null
82869.418,DIGITAL_IN,ChoiceWallIR,0,null
82945.383,DIGITAL_IN,Hole5NP,-1,null
82997.36,DIGITAL_IN,Hole5NP,0,null
83681.05,DIGITAL_IN,ChoiceWallIR,-1,null
83697.043,DIGITAL_IN,ChoiceWallIR,0,null
83709.037,DIGITAL_IN,ChoiceWallIR,-1,null
84809.539,DIGITAL_IN,ChoiceWallIR,0,null
84853.519,DIGITAL_IN,ChoiceWallIR,-1,null
85133.392,DIGITAL_IN,ChoiceWallIR,0,null
85697.137,DIGITAL_IN,ChoiceWallIR,-1,null
86392.822,DIGITAL_IN,ChoiceWallIR,0,null
87284.418,DIGITAL_IN,ChoiceWallIR,-1,null
87356.385,DIGITAL_IN,ChoiceWallIR,0,null
87548.298,DIGITAL_IN,ChoiceWallIR,-1,null
87644.255,DIGITAL_IN,ChoiceWallIR,0,null
87824.173,DIGITAL_IN,TrayWallIR,-1,null
87916.132,DIGITAL_IN,TrayWallIR,0,null
87968.108,DIGITAL_IN,TrayWallIR,-1,null
88072.061,DIGITAL_IN,TrayWallIR,0,null
88999.641,DIGITAL_IN,TrayWallIR,-1,null
90352.029,DIGITAL_IN,TrayWallIR,0,null
90683.07,PROGRAMMATIC,PITimerEvent,-1,null
90683.07,ALWAYS,ITI,-1,null
91655.438,DIGITAL_IN,TrayWallIR,-1,null
91683.426,DIGITAL_IN,TrayWallIR,0,null
91775.384,DIGITAL_IN,TrayWallIR,-1,null
91811.368,DIGITAL_IN,TrayWallIR,0,null
91831.359,DIGITAL_IN,TrayWallIR,-1,null
91835.357,DIGITAL_IN,TrayWallIR,0,null
95717.598,DIGITAL_IN,ChoiceWallIR,-1,null
102319.608,DIGITAL_IN,ChoiceWallIR,0,null
102355.592,DIGITAL_IN,ChoiceWallIR,-1,null
102459.545,DIGITAL_IN,ChoiceWallIR,0,null
102507.523,DIGITAL_IN,ChoiceWallIR,-1,null
102519.518,DIGITAL_IN,ChoiceWallIR,0,null
102691.44,DIGITAL_IN,ChoiceWallIR,-1,null
102695.439,DIGITAL_IN,ChoiceWallIR,0,null
102703.434,DIGITAL_IN,ChoiceWallIR,-1,null
102723.425,DIGITAL_IN,ChoiceWallIR,0,null
102867.36,DIGITAL_IN,TrayWallIR,-1,null
105503.167,DIGITAL_IN,TrayWallIR,0,null
105655.098,DIGITAL_IN,TrayWallIR,-1,null
105739.06,DIGITAL_IN,TrayWallIR,0,null
105962.958,DIGITAL_IN,ChoiceWallIR,-1,null
106130.882,DIGITAL_IN,ChoiceWallIR,0,null
106634.654,DIGITAL_IN,ChoiceWallIR,-1,null
107058.462,DIGITAL_IN,ChoiceWallIR,0,null
107086.449,DIGITAL_IN,Hole5NP,-1,null
107118.435,DIGITAL_IN,Hole5NP,0,null
107162.415,DIGITAL_IN,Hole5NP,-1,null
107218.39,DIGITAL_IN,Hole5NP,0,null
107474.274,DIGITAL_IN,ChoiceWallIR,-1,null
107582.225,DIGITAL_IN,ChoiceWallIR,0,null
107938.064,DIGITAL_IN,ChoiceWallIR,-1,null
108209.941,DIGITAL_IN,Hole4NP,-1,null
108309.895,DIGITAL_IN,Hole4NP,0,null
108493.812,DIGITAL_IN,Hole5NP,-1,null
108569.778,DIGITAL_IN,Hole5NP,0,null
108589.769,DIGITAL_IN,Hole5NP,-1,null
108657.738,DIGITAL_IN,Hole5NP,0,null
108837.657,DIGITAL_IN,ChoiceWallIR,0,null
108881.636,DIGITAL_IN,ChoiceWallIR,-1,null
109245.472,DIGITAL_IN,ChoiceWallIR,0,null
109553.332,DIGITAL_IN,ChoiceWallIR,-1,null
109677.276,DIGITAL_IN,ChoiceWallIR,0,null
109982.138,DIGITAL_IN,ChoiceWallIR,-1,null
110130.071,DIGITAL_IN,ChoiceWallIR,0,null
110210.035,DIGITAL_IN,ChoiceWallIR,-1,null
110683.07,PROGRAMMATIC,ITITimerEvent,-1,null
111421.486,DIGITAL_IN,Hole5NP,-1,null
111513.444,DIGITAL_IN,Hole5NP,0,null
112345.068,DIGITAL_IN,ChoiceWallIR,0,null
112493.001,DIGITAL_IN,ChoiceWallIR,-1,null
112872.829,DIGITAL_IN,ChoiceWallIR,0,null
112916.809,DIGITAL_IN,ChoiceWallIR,-1,null
113188.686,DIGITAL_IN,ChoiceWallIR,0,null
113264.651,DIGITAL_IN,ChoiceWallIR,-1,null
113272.648,DIGITAL_IN,ChoiceWallIR,0,null
113856.383,DIGITAL_IN,Hole5NP,-1,null
113956.338,DIGITAL_IN,Hole5NP,0,null
114184.235,DIGITAL_IN,ChoiceWallIR,-1,null
114684.008,DIGITAL_IN,Hole5NP,-1,null
114791.959,DIGITAL_IN,Hole5NP,0,null
114834.07,PROGRAMMATIC,RandITITimerEvent,-1,null
114834.07,PROGRAMMATIC,PIEvent,-1,null
115975.423,DIGITAL_IN,Hole5NP,-1,null
116011.407,DIGITAL_IN,Hole5NP,0,null
116351.253,DIGITAL_IN,Hole5NP,-1,null
116395.233,DIGITAL_IN,Hole5NP,0,null
116428.218,DIGITAL_IN,Hole5NP,-1,null
116448.209,DIGITAL_IN,Hole5NP,0,null
116963.976,DIGITAL_IN,Hole5NP,-1,null
116999.959,DIGITAL_IN,Hole5NP,0,null
117383.786,DIGITAL_IN,ChoiceWallIR,0,null
117415.771,DIGITAL_IN,Hole5NP,-1,null
117423.767,DIGITAL_IN,ChoiceWallIR,-1,null
117439.76,DIGITAL_IN,Hole5NP,0,null
117663.659,DIGITAL_IN,Hole5NP,-1,null
117691.646,DIGITAL_IN,Hole5NP,0,null
117715.635,DIGITAL_IN,Hole5NP,-1,null
117747.621,DIGITAL_IN,Hole5NP,0,null
118895.101,DIGITAL_IN,ChoiceWallIR,0,null
118923.088,DIGITAL_IN,ChoiceWallIR,-1,null
119606.779,DIGITAL_IN,Hole5NP,-1,null
119658.755,DIGITAL_IN,Hole5NP,0,null
120478.384,DIGITAL_IN,Hole5NP,-1,null
120602.328,DIGITAL_IN,Hole5NP,0,null
121018.14,DIGITAL_IN,ChoiceWallIR,0,null
121050.125,DIGITAL_IN,ChoiceWallIR,-1,null
121529.908,DIGITAL_IN,Hole5NP,-1,null
121593.879,DIGITAL_IN,Hole5NP,0,null
122037.678,DIGITAL_IN,ChoiceWallIR,0,null
122085.656,DIGITAL_IN,ChoiceWallIR,-1,null
122109.645,DIGITAL_IN,Hole6NP,-1,null
122121.64,DIGITAL_IN,ChoiceWallIR,0,null
122137.633,DIGITAL_IN,ChoiceWallIR,-1,null
122245.584,DIGITAL_IN,Hole6NP,0,null
122445.493,DIGITAL_IN,Hole5NP,-1,null
122873.299,DIGITAL_IN,Hole5NP,0,null
122917.279,DIGITAL_IN,Hole5NP,-1,null
122933.272,DIGITAL_IN,Hole5NP,0,null
122966.26,DIGITAL_IN,Hole5NP,-1,null
123274.118,DIGITAL_IN,Hole5NP,0,null
123514.009,DIGITAL_IN,Hole5NP,-1,null
123629.957,DIGITAL_IN,Hole5NP,0,null
123901.833,DIGITAL_IN,ChoiceWallIR,0,null
123929.821,DIGITAL_IN,Hole6NP,-1,null
123961.806,DIGITAL_IN,Hole6NP,0,null
123973.801,DIGITAL_IN,Hole6NP,-1,null
123985.795,DIGITAL_IN,ChoiceWallIR,-1,null
123993.792,DIGITAL_IN,ChoiceWallIR,0,null
124013.783,DIGITAL_IN,ChoiceWallIR,-1,null
124073.756,DIGITAL_IN,Hole6NP,0,null
124157.718,DIGITAL_IN,Hole6NP,-1,null
124185.705,DIGITAL_IN,Hole6NP,0,null
124585.524,DIGITAL_IN,Hole5NP,-1,null
124681.481,DIGITAL_IN,Hole5NP,0,null
124969.353,DIGITAL_IN,Hole5NP,-1,null
125053.312,DIGITAL_IN,Hole5NP,0,null
126072.85,DIGITAL_IN,Hole5NP,-1,null
126212.787,DIGITAL_IN,Hole5NP,0,null
127264.311,DIGITAL_IN,Hole5NP,-1,null
127280.303,DIGITAL_IN,Hole5NP,0,null
127312.289,DIGITAL_IN,Hole5NP,-1,null
127468.218,DIGITAL_IN,Hole5NP,0,null
127544.184,DIGITAL_IN,Hole5NP,-1,null
127652.135,DIGITAL_IN,Hole5NP,0,null
127868.037,DIGITAL_IN,ChoiceWallIR,0,null
128027.965,DIGITAL_IN,ChoiceWallIR,-1,null
128031.964,DIGITAL_IN,ChoiceWallIR,0,null
128179.896,DIGITAL_IN,ChoiceWallIR,-1,null
128183.895,DIGITAL_IN,ChoiceWallIR,0,null
128211.881,DIGITAL_IN,ChoiceWallIR,-1,null
128567.72,DIGITAL_IN,Hole4NP,-1,null
128691.664,DIGITAL_IN,Hole4NP,0,null
128875.581,DIGITAL_IN,Hole5NP,-1,null
129107.476,DIGITAL_IN,Hole5NP,0,null
129131.465,DIGITAL_IN,Hole5NP,-1,null
129175.445,DIGITAL_IN,ChoiceWallIR,0,null
129287.394,DIGITAL_IN,ChoiceWallIR,-1,null
129307.385,DIGITAL_IN,Hole5NP,0,null
129500.298,DIGITAL_IN,ChoiceWallIR,0,null
129504.297,DIGITAL_IN,ChoiceWallIR,-1,null
129508.296,DIGITAL_IN,Hole5NP,-1,null
129512.293,DIGITAL_IN,ChoiceWallIR,0,null
129532.283,DIGITAL_IN,Hole5NP,0,null
129548.276,DIGITAL_IN,Hole5NP,-1,null
129636.236,DIGITAL_IN,Hole5NP,0,null
129680.216,DIGITAL_IN,ChoiceWallIR,-1,null
130056.046,DIGITAL_IN,Hole5NP,-1,null
130124.015,DIGITAL_IN,Hole5NP,0,null
130251.957,DIGITAL_IN,ChoiceWallIR,0,null
130471.858,DIGITAL_IN,ChoiceWallIR,-1,null
130787.715,DIGITAL_IN,ChoiceWallIR,0,null
130807.706,DIGITAL_IN,Hole5NP,-1,null
130839.691,DIGITAL_IN,Hole5NP,0,null
130851.686,DIGITAL_IN,ChoiceWallIR,-1,null
130859.682,DIGITAL_IN,ChoiceWallIR,0,null
131215.521,DIGITAL_IN,ChoiceWallIR,-1,null
131727.289,DIGITAL_IN,ChoiceWallIR,0,null
131775.268,DIGITAL_IN,ChoiceWallIR,-1,null
131959.184,DIGITAL_IN,ChoiceWallIR,0,null
131971.179,DIGITAL_IN,ChoiceWallIR,-1,null
134126.203,DIGITAL_IN,ChoiceWallIR,0,null
134166.185,DIGITAL_IN,ChoiceWallIR,-1,null
135009.803,DIGITAL_IN,ChoiceWallIR,0,null
135205.714,DIGITAL_IN,ChoiceWallIR,-1,null
135893.403,DIGITAL_IN,ChoiceWallIR,0,null
135973.366,DIGITAL_IN,ChoiceWallIR,-1,null
136634.067,DIGITAL_IN,ChoiceWallIR,0,null
136929.933,DIGITAL_IN,ChoiceWallIR,-1,null
137061.873,DIGITAL_IN,ChoiceWallIR,0,null
137077.866,DIGITAL_IN,ChoiceWallIR,-1,null
137117.848,DIGITAL_IN,ChoiceWallIR,0,null
137245.79,DIGITAL_IN,ChoiceWallIR,-1,null
137277.775,DIGITAL_IN,ChoiceWallIR,0,null
137765.554,DIGITAL_IN,ChoiceWallIR,-1,null
137789.544,DIGITAL_IN,ChoiceWallIR,0,null
138649.154,DIGITAL_IN,ChoiceWallIR,-1,null
139768.647,DIGITAL_IN,ChoiceWallIR,0,null
139840.615,DIGITAL_IN,ChoiceWallIR,-1,null
139908.584,DIGITAL_IN,ChoiceWallIR,0,null
140048.52,DIGITAL_IN,ChoiceWallIR,-1,null
140324.396,DIGITAL_IN,ChoiceWallIR,0,null
140336.39,DIGITAL_IN,ChoiceWallIR,-1,null
141419.899,DIGITAL_IN,ChoiceWallIR,0,null
141587.823,DIGITAL_IN,ChoiceWallIR,-1,null
142287.506,DIGITAL_IN,ChoiceWallIR,0,null
142403.454,DIGITAL_IN,ChoiceWallIR,-1,null
143060.156,DIGITAL_IN,ChoiceWallIR,0,null
143244.073,DIGITAL_IN,TrayWallIR,-1,null
143459.975,DIGITAL_IN,TrayWallIR,0,null
143575.923,DIGITAL_IN,TrayWallIR,-1,null
143771.834,DIGITAL_IN,TrayWallIR,0,null
143867.791,DIGITAL_IN,TrayWallIR,-1,null
143991.735,DIGITAL_IN,TrayWallIR,0,null
144043.711,DIGITAL_IN,TrayWallIR,-1,null
144923.313,DIGITAL_IN,TrayWallIR,0,null
144951.3,DIGITAL_IN,TrayWallIR,-1,null
144999.281,DIGITAL_IN,TrayWallIR,0,null
145127.22,DIGITAL_IN,TrayWallIR,-1,null
145135.217,DIGITAL_IN,TrayWallIR,0,null
158751.05,DIGITAL_IN,TrayWallIR,-1,null
159318.793,DIGITAL_IN,TrayWallIR,0,null
159738.603,DIGITAL_IN,ChoiceWallIR,-1,null
159834.07,PROGRAMMATIC,PITimerEvent,-1,null
159834.07,ALWAYS,ITI,-1,null
159982.492,DIGITAL_IN,ChoiceWallIR,0,null
160358.322,DIGITAL_IN,Hole5NP,-1,null
160438.286,DIGITAL_IN,ChoiceWallIR,-1,null
160446.282,DIGITAL_IN,Hole5NP,0,null
160518.25,DIGITAL_IN,ChoiceWallIR,0,null
160574.224,DIGITAL_IN,Hole5NP,-1,null
160706.164,DIGITAL_IN,Hole5NP,0,null
160754.143,DIGITAL_IN,ChoiceWallIR,-1,null
161273.907,DIGITAL_IN,Hole5NP,-1,null
161333.88,DIGITAL_IN,ChoiceWallIR,0,null
161365.866,DIGITAL_IN,ChoiceWallIR,-1,null
161477.815,DIGITAL_IN,Hole5NP,0,null
161753.69,DIGITAL_IN,ChoiceWallIR,0,null
161957.598,DIGITAL_IN,Hole5NP,-1,null
162053.554,DIGITAL_IN,Hole5NP,0,null
162470.365,DIGITAL_IN,Hole5NP,-1,null
162518.344,DIGITAL_IN,Hole5NP,0,null
162734.246,DIGITAL_IN,ChoiceWallIR,-1,null
162990.13,DIGITAL_IN,ChoiceWallIR,0,null
163002.125,DIGITAL_IN,Hole5NP,-1,null
163058.099,DIGITAL_IN,Hole5NP,0,null
163094.083,DIGITAL_IN,Hole5NP,-1,null
163106.077,DIGITAL_IN,Hole5NP,0,null
163258.009,DIGITAL_IN,Hole5NP,-1,null
163270.003,DIGITAL_IN,Hole5NP,0,null
163301.989,DIGITAL_IN,Hole5NP,-1,null
163317.981,DIGITAL_IN,Hole5NP,0,null
163557.873,DIGITAL_IN,Hole5NP,-1,null
163625.842,DIGITAL_IN,Hole5NP,0,null
163789.768,DIGITAL_IN,ChoiceWallIR,-1,null
163857.737,DIGITAL_IN,Hole5NP,-1,null
163861.736,DIGITAL_IN,ChoiceWallIR,0,null
163921.708,DIGITAL_IN,Hole5NP,0,null
163929.704,DIGITAL_IN,ChoiceWallIR,-1,null
164621.391,DIGITAL_IN,Hole5NP,-1,null
164657.375,DIGITAL_IN,Hole5NP,0,null
164949.243,DIGITAL_IN,ChoiceWallIR,0,null
164953.242,DIGITAL_IN,Hole5NP,-1,null
164981.228,DIGITAL_IN,Hole5NP,0,null
165253.105,DIGITAL_IN,Hole5NP,-1,null
165309.08,DIGITAL_IN,Hole5NP,0,null
165437.022,DIGITAL_IN,ChoiceWallIR,-1,null
165544.973,DIGITAL_IN,ChoiceWallIR,0,null
165948.79,DIGITAL_IN,ChoiceWallIR,-1,null
166152.698,DIGITAL_IN,ChoiceWallIR,0,null
166160.694,DIGITAL_IN,Hole5NP,-1,null
166220.667,DIGITAL_IN,Hole5NP,0,null
166272.645,DIGITAL_IN,Hole5NP,-1,null
166296.632,DIGITAL_IN,Hole5NP,0,null
166304.629,DIGITAL_IN,ChoiceWallIR,-1,null
166312.625,DIGITAL_IN,ChoiceWallIR,0,null
166720.441,DIGITAL_IN,ChoiceWallIR,-1,null
166968.328,DIGITAL_IN,Hole6NP,-1,null
167016.306,DIGITAL_IN,Hole6NP,0,null
167052.29,DIGITAL_IN,ChoiceWallIR,0,null
167188.229,DIGITAL_IN,ChoiceWallIR,-1,null
167420.124,DIGITAL_IN,Hole5NP,-1,null
167444.113,DIGITAL_IN,Hole5NP,0,null
167496.089,DIGITAL_IN,Hole5NP,-1,null
167604.04,DIGITAL_IN,Hole5NP,0,null
167791.956,DIGITAL_IN,Hole5NP,-1,null
167995.863,DIGITAL_IN,Hole5NP,0,null
168395.682,DIGITAL_IN,Hole6NP,-1,null
168435.664,DIGITAL_IN,Hole6NP,0,null
168631.575,DIGITAL_IN,Hole5NP,-1,null
168852.475,DIGITAL_IN,Hole5NP,0,null
168884.46,DIGITAL_IN,Hole5NP,-1,null
169044.388,DIGITAL_IN,Hole5NP,0,null
169056.383,DIGITAL_IN,Hole5NP,-1,null
169104.361,DIGITAL_IN,Hole5NP,0,null
169332.258,DIGITAL_IN,Hole5NP,-1,null
169476.192,DIGITAL_IN,Hole5NP,0,null
169784.053,DIGITAL_IN,Hole5NP,-1,null
169812.041,DIGITAL_IN,Hole5NP,0,null
170279.828,DIGITAL_IN,Hole5NP,-1,null
170283.828,DIGITAL_IN,Hole5NP,0,null
171287.372,DIGITAL_IN,Hole5NP,-1,null
171347.345,DIGITAL_IN,Hole5NP,0,null
171355.341,DIGITAL_IN,Hole5NP,-1,null
171431.308,DIGITAL_IN,ChoiceWallIR,0,null
171435.306,DIGITAL_IN,Hole5NP,0,null
171447.3,DIGITAL_IN,ChoiceWallIR,-1,null
171635.214,DIGITAL_IN,Hole5NP,-1,null
171763.157,DIGITAL_IN,Hole5NP,0,null
172095.006,DIGITAL_IN,Hole6NP,-1,null
172126.992,DIGITAL_IN,ChoiceWallIR,0,null
172150.981,DIGITAL_IN,ChoiceWallIR,-1,null
172226.947,DIGITAL_IN,Hole6NP,0,null
172822.677,DIGITAL_IN,Hole5NP,-1,null
172850.664,DIGITAL_IN,Hole5NP,0,null
173338.443,DIGITAL_IN,Hole5NP,-1,null
173422.405,DIGITAL_IN,Hole5NP,0,null
173574.336,DIGITAL_IN,Hole5NP,-1,null
173642.306,DIGITAL_IN,Hole5NP,0,null
174114.092,DIGITAL_IN,Hole6NP,-1,null
174174.065,DIGITAL_IN,Hole6NP,0,null
174873.748,DIGITAL_IN,Hole5NP,-1,null
174937.719,DIGITAL_IN,Hole5NP,0,null
174973.702,DIGITAL_IN,ChoiceWallIR,0,null
174997.692,DIGITAL_IN,ChoiceWallIR,-1,null
175222.59,DIGITAL_IN,Hole5NP,-1,null
175322.544,DIGITAL_IN,Hole5NP,0,null
175642.4,DIGITAL_IN,Hole5NP,-1,null
175706.371,DIGITAL_IN,Hole5NP,0,null
176054.213,DIGITAL_IN,Hole6NP,-1,null
176058.213,DIGITAL_IN,ChoiceWallIR,0,null
176122.182,DIGITAL_IN,Hole6NP,0,null
176194.15,DIGITAL_IN,ChoiceWallIR,-1,null
176250.124,DIGITAL_IN,Hole6NP,-1,null
176506.008,DIGITAL_IN,Hole6NP,0,null
177105.737,DIGITAL_IN,Hole5NP,-1,null
177125.728,DIGITAL_IN,Hole5NP,0,null
177457.578,DIGITAL_IN,Hole5NP,-1,null
177497.559,DIGITAL_IN,ChoiceWallIR,0,null
177541.539,DIGITAL_IN,ChoiceWallIR,-1,null
177549.536,DIGITAL_IN,Hole5NP,0,null
177605.51,DIGITAL_IN,Hole5NP,-1,null
177665.483,DIGITAL_IN,Hole5NP,0,null
177713.462,DIGITAL_IN,Hole5NP,-1,null
177725.456,DIGITAL_IN,Hole5NP,0,null
177733.453,DIGITAL_IN,Hole5NP,-1,null
177857.396,DIGITAL_IN,Hole5NP,0,null
178181.25,DIGITAL_IN,Hole6NP,-1,null
178269.211,DIGITAL_IN,Hole6NP,0,null
178733.0,DIGITAL_IN,Hole5NP,-1,null
178852.946,DIGITAL_IN,Hole5NP,0,null
178912.918,DIGITAL_IN,Hole5NP,-1,null
178968.893,DIGITAL_IN,Hole5NP,0,null
179708.558,DIGITAL_IN,Hole5NP,-1,null
179772.529,DIGITAL_IN,Hole5NP,0,null
179834.07,PROGRAMMATIC,ITITimerEvent,-1,null
180032.411,DIGITAL_IN,Hole5NP,-1,null
180044.406,DIGITAL_IN,Hole5NP,0,null
180056.4,DIGITAL_IN,Hole5NP,-1,null
180132.366,DIGITAL_IN,Hole5NP,0,null
181115.921,DIGITAL_IN,Hole5NP,-1,null
181283.844,DIGITAL_IN,Hole5NP,0,null
181319.829,DIGITAL_IN,Hole5NP,-1,null
181351.814,DIGITAL_IN,Hole5NP,0,null
181407.788,DIGITAL_IN,Hole5NP,-1,null
181451.768,DIGITAL_IN,ChoiceWallIR,0,null
181459.765,DIGITAL_IN,ChoiceWallIR,-1,null
181467.761,DIGITAL_IN,Hole5NP,0,null
181984.527,DIGITAL_IN,Hole5NP,-1,null
182020.511,DIGITAL_IN,Hole5NP,0,null
182084.482,DIGITAL_IN,Hole5NP,-1,null
182096.476,DIGITAL_IN,Hole5NP,0,null
182344.364,DIGITAL_IN,ChoiceWallIR,0,null
182720.194,DIGITAL_IN,ChoiceWallIR,-1,null
182836.141,DIGITAL_IN,ChoiceWallIR,0,null
182956.087,DIGITAL_IN,ChoiceWallIR,-1,null
182960.086,DIGITAL_IN,ChoiceWallIR,0,null
183016.06,DIGITAL_IN,Hole5NP,-1,null
183116.015,DIGITAL_IN,Hole5NP,0,null
183263.948,DIGITAL_IN,ChoiceWallIR,-1,null
183275.942,DIGITAL_IN,ChoiceWallIR,0,null
183363.902,DIGITAL_IN,ChoiceWallIR,-1,null
183505.07,PROGRAMMATIC,RandITITimerEvent,-1,null
183505.07,PROGRAMMATIC,FIEvent,-1,null
183579.805,DIGITAL_IN,ChoiceWallIR,0,null
183607.792,DIGITAL_IN,ChoiceWallIR,-1,null
186930.287,DIGITAL_IN,ChoiceWallIR,0,null
186978.266,DIGITAL_IN,ChoiceWallIR,-1,null
186998.256,DIGITAL_IN,ChoiceWallIR,0,null
187098.211,DIGITAL_IN,TrayWallIR,-1,null
188338.649,DIGITAL_IN,TrayWallIR,0,null
188370.635,DIGITAL_IN,TrayWallIR,-1,null
188382.629,DIGITAL_IN,TrayWallIR,0,null
188566.546,DIGITAL_IN,ChoiceWallIR,-1,null
188690.49,DIGITAL_IN,ChoiceWallIR,0,null
188742.466,DIGITAL_IN,ChoiceWallIR,-1,null
188770.454,DIGITAL_IN,ChoiceWallIR,0,null
188862.412,DIGITAL_IN,ChoiceWallIR,-1,null
188882.403,DIGITAL_IN,ChoiceWallIR,0,null
188934.38,DIGITAL_IN,ChoiceWallIR,-1,null
189250.236,DIGITAL_IN,ChoiceWallIR,0,null
189614.072,DIGITAL_IN,Hole5NP,-1,null
190037.88,DIGITAL_IN,Hole5NP,0,null
190449.693,DIGITAL_IN,ChoiceWallIR,-1,null
190769.548,DIGITAL_IN,Hole5NP,-1,null
190785.541,DIGITAL_IN,ChoiceWallIR,0,null
190841.516,DIGITAL_IN,ChoiceWallIR,-1,null
190881.498,DIGITAL_IN,Hole5NP,0,null
190937.472,DIGITAL_IN,Hole5NP,-1,null
190965.46,DIGITAL_IN,ChoiceWallIR,0,null
191017.436,DIGITAL_IN,ChoiceWallIR,-1,null
191205.351,DIGITAL_IN,Hole5NP,0,null
191317.301,DIGITAL_IN,ChoiceWallIR,0,null
191605.17,DIGITAL_IN,ChoiceWallIR,-1,null
191992.994,DIGITAL_IN,ChoiceWallIR,0,null
192280.864,DIGITAL_IN,ChoiceWallIR,-1,null
192784.636,DIGITAL_IN,ChoiceWallIR,0,null
193580.275,DIGITAL_IN,ChoiceWallIR,-1,null
193604.264,DIGITAL_IN,ChoiceWallIR,0,null
193644.246,DIGITAL_IN,ChoiceWallIR,-1,null
193688.226,DIGITAL_IN,ChoiceWallIR,0,null
194140.022,DIGITAL_IN,ChoiceWallIR,-1,null
194144.022,DIGITAL_IN,ChoiceWallIR,0,null
195044.612,DIGITAL_IN,ChoiceWallIR,-1,null
195248.52,DIGITAL_IN,TrayWallIR,-1,null
195284.504,DIGITAL_IN,TrayWallIR,0,null
197939.301,DIGITAL_IN,ChoiceWallIR,0,null
198179.192,DIGITAL_IN,ChoiceWallIR,-1,null
198191.187,DIGITAL_IN,ChoiceWallIR,0,null
198423.083,DIGITAL_IN,ChoiceWallIR,-1,null
198505.07,PROGRAMMATIC,FITimerEvent,-1,null
198622.992,DIGITAL_IN,ChoiceWallIR,0,null
199950.39,DIGITAL_IN,ChoiceWallIR,-1,null
200510.137,DIGITAL_IN,ChoiceWallIR,0,null
200550.119,DIGITAL_IN,ChoiceWallIR,-1,null
201410.729,DIGITAL_IN,ChoiceWallIR,0,null
201574.655,DIGITAL_IN,ChoiceWallIR,-1,null
201578.656,DIGITAL_IN,ChoiceWallIR,0,null
201654.618,DIGITAL_IN,ChoiceWallIR,-1,null
201978.472,DIGITAL_IN,ChoiceWallIR,0,null
202226.359,DIGITAL_IN,ChoiceWallIR,-1,null
202658.164,DIGITAL_IN,ChoiceWallIR,0,null
202786.106,DIGITAL_IN,ChoiceWallIR,-1,null
202806.097,DIGITAL_IN,ChoiceWallIR,0,null
202814.093,DIGITAL_IN,ChoiceWallIR,-1,null
202914.048,DIGITAL_IN,ChoiceWallIR,0,null
203105.961,DIGITAL_IN,ChoiceWallIR,-1,null
204117.503,DIGITAL_IN,ChoiceWallIR,0,null
204661.257,DIGITAL_IN,ChoiceWallIR,-1,null
204989.108,DIGITAL_IN,ChoiceWallIR,0,null
205248.991,DIGITAL_IN,ChoiceWallIR,-1,null
205328.955,DIGITAL_IN,ChoiceWallIR,0,null
205492.88,DIGITAL_IN,ChoiceWallIR,-1,null
205496.879,DIGITAL_IN,ChoiceWallIR,0,null
205540.858,DIGITAL_IN,ChoiceWallIR,-1,null
205812.735,DIGITAL_IN,ChoiceWallIR,0,null
205840.722,DIGITAL_IN,ChoiceWallIR,-1,null
207639.908,DIGITAL_IN,ChoiceWallIR,0,null
207703.879,DIGITAL_IN,ChoiceWallIR,-1,null
208000.744,DIGITAL_IN,ChoiceWallIR,0,null
208296.61,DIGITAL_IN,ChoiceWallIR,-1,null
208484.525,DIGITAL_IN,Hole4NP,-1,null
208492.521,DIGITAL_IN,ChoiceWallIR,0,null
208656.447,DIGITAL_IN,ChoiceWallIR,-1,null
208664.444,DIGITAL_IN,Hole4NP,0,null
208996.293,DIGITAL_IN,ChoiceWallIR,0,null
209120.237,DIGITAL_IN,ChoiceWallIR,-1,null
209176.212,DIGITAL_IN,ChoiceWallIR,0,null
209340.138,DIGITAL_IN,Hole5NP,-1,null
209340.138,PROGRAMMATIC,Hole5Event,-1,null
209372.123,DIGITAL_IN,Hole5NP,0,null
209388.116,DIGITAL_IN,ChoiceWallIR,-1,null
209424.1,DIGITAL_IN,ChoiceWallIR,0,null
209783.937,DIGITAL_IN,TrayWallIR,-1,null
210540.138,PROGRAMMATIC,FeederTimerEvent,-1,null
210540.138,ALWAYS,ITI,-1,null
230540.138,PROGRAMMATIC,ITITimerEvent,-1,null
231281.2,DIGITAL_IN,TrayWallIR,0,null
234155.138,PROGRAMMATIC,RandITITimerEvent,-1,null
234155.138,PROGRAMMATIC,FIEvent,-1,null
234720.642,DIGITAL_IN,TrayWallIR,-1,null
236299.927,DIGITAL_IN,TrayWallIR,0,null
236403.88,DIGITAL_IN,TrayWallIR,-1,null
236479.846,DIGITAL_IN,TrayWallIR,0,null
236803.699,DIGITAL_IN,TrayWallIR,-1,null
237215.513,DIGITAL_IN,TrayWallIR,0,null
237259.493,DIGITAL_IN,TrayWallIR,-1,null
237275.485,DIGITAL_IN,TrayWallIR,0,null
237315.467,DIGITAL_IN,TrayWallIR,-1,null
237335.458,DIGITAL_IN,TrayWallIR,0,null
237407.426,DIGITAL_IN,ChoiceWallIR,-1,null
237627.326,DIGITAL_IN,ChoiceWallIR,0,null
237727.281,DIGITAL_IN,Hole5NP,-1,null
237763.264,DIGITAL_IN,Hole5NP,0,null
237907.199,DIGITAL_IN,ChoiceWallIR,-1,null
237971.17,DIGITAL_IN,ChoiceWallIR,0,null
237979.167,DIGITAL_IN,ChoiceWallIR,-1,null
237991.161,DIGITAL_IN,Hole5NP,-1,null
238031.143,DIGITAL_IN,Hole5NP,0,null
238327.009,DIGITAL_IN,Hole5NP,-1,null
238378.986,DIGITAL_IN,Hole5NP,0,null
238722.83,DIGITAL_IN,ChoiceWallIR,0,null
238798.795,DIGITAL_IN,Hole5NP,-1,null
238866.765,DIGITAL_IN,Hole5NP,0,null
238878.759,DIGITAL_IN,ChoiceWallIR,-1,null
239254.589,DIGITAL_IN,ChoiceWallIR,0,null
239298.569,DIGITAL_IN,ChoiceWallIR,-1,null
239482.486,DIGITAL_IN,ChoiceWallIR,0,null
239574.444,DIGITAL_IN,ChoiceWallIR,-1,null
240326.104,DIGITAL_IN,Hole5NP,-1,null
240342.096,DIGITAL_IN,Hole5NP,0,null
240555.0,DIGITAL_IN,ChoiceWallIR,0,null
240598.98,DIGITAL_IN,ChoiceWallIR,-1,null
241174.719,DIGITAL_IN,Hole5NP,-1,null
241226.696,DIGITAL_IN,Hole5NP,0,null
242190.259,DIGITAL_IN,ChoiceWallIR,0,null
242214.248,DIGITAL_IN,ChoiceWallIR,-1,null
242226.243,DIGITAL_IN,ChoiceWallIR,0,null
242242.236,DIGITAL_IN,ChoiceWallIR,-1,null
243041.874,DIGITAL_IN,Hole5NP,-1,null
243069.861,DIGITAL_IN,Hole5NP,0,null
243085.854,DIGITAL_IN,Hole5NP,-1,null
243129.834,DIGITAL_IN,Hole5NP,0,null
243941.466,DIGITAL_IN,Hole5NP,-1,null
243981.448,DIGITAL_IN,Hole5NP,0,null
244301.303,DIGITAL_IN,Hole5NP,-1,null
244325.292,DIGITAL_IN,Hole5NP,0,null
244397.26,DIGITAL_IN,Hole5NP,-1,null
244417.251,DIGITAL_IN,Hole5NP,0,null
244529.2,DIGITAL_IN,Hole5NP,-1,null
244597.169,DIGITAL_IN,Hole5NP,0,null
245072.954,DIGITAL_IN,Hole5NP,-1,null
245112.936,DIGITAL_IN,Hole5NP,0,null
246420.343,DIGITAL_IN,Hole5NP,-1,null
246476.318,DIGITAL_IN,Hole5NP,0,null
247364.916,DIGITAL_IN,Hole5NP,-1,null
247448.878,DIGITAL_IN,Hole5NP,0,null
248544.382,DIGITAL_IN,ChoiceWallIR,0,null
248572.369,DIGITAL_IN,Hole6NP,-1,null
248592.36,DIGITAL_IN,ChoiceWallIR,-1,null
248620.347,DIGITAL_IN,ChoiceWallIR,0,null
248680.32,DIGITAL_IN,Hole6NP,0,null
248684.319,DIGITAL_IN,ChoiceWallIR,-1,null
249128.117,DIGITAL_IN,Hole5NP,-1,null
249155.138,PROGRAMMATIC,FITimerEvent,-1,null
249176.095,DIGITAL_IN,Hole5NP,0,null
249280.048,DIGITAL_IN,Hole5NP,-1,null
249280.048,PROGRAMMATIC,Hole5Event,-1,null
249304.038,DIGITAL_IN,Hole5NP,0,null
249567.918,DIGITAL_IN,ChoiceWallIR,0,null
249611.898,DIGITAL_IN,ChoiceWallIR,-1,null
249627.891,DIGITAL_IN,ChoiceWallIR,0,null
249643.884,DIGITAL_IN,ChoiceWallIR,-1,null
249663.875,DIGITAL_IN,ChoiceWallIR,0,null
249907.764,DIGITAL_IN,TrayWallIR,-1,null
250480.048,PROGRAMMATIC,FeederTimerEvent,-1,null
250480.048,ALWAYS,ITI,-1,null
268650.275,DIGITAL_IN,TrayWallIR,0,null
270253.549,DIGITAL_IN,TrayWallIR,-1,null
270480.048,PROGRAMMATIC,ITITimerEvent,-1,null
274828.477,DIGITAL_IN,TrayWallIR,0,null
274972.412,DIGITAL_IN,TrayWallIR,-1,null
276639.657,DIGITAL_IN,TrayWallIR,0,null
276775.595,DIGITAL_IN,TrayWallIR,-1,null
276831.57,DIGITAL_IN,TrayWallIR,0,null
277393.048,PROGRAMMATIC,RandITITimerEvent,-1,null
277393.048,PROGRAMMATIC,PIEvent,-1,null
284808.957,DIGITAL_IN,ChoiceWallIR,-1,null
285384.696,DIGITAL_IN,ChoiceWallIR,0,null
285388.696,DIGITAL_IN,Hole5NP,-1,null
285408.685,DIGITAL_IN,Hole5NP,0,null
285432.674,DIGITAL_IN,ChoiceWallIR,-1,null
285452.665,DIGITAL_IN,ChoiceWallIR,0,null
285552.62,DIGITAL_IN,ChoiceWallIR,-1,null
287520.729,DIGITAL_IN,ChoiceWallIR,0,null
287528.725,DIGITAL_IN,ChoiceWallIR,-1,null
287560.711,DIGITAL_IN,Hole5NP,-1,null
287584.7,DIGITAL_IN,Hole5NP,0,null
287928.544,DIGITAL_IN,Hole5NP,-1,null
287964.528,DIGITAL_IN,Hole5NP,0,null
290911.193,DIGITAL_IN,Hole5NP,-1,null
290955.174,DIGITAL_IN,Hole5NP,0,null
291406.969,DIGITAL_IN,Hole5NP,-1,null
291422.961,DIGITAL_IN,Hole5NP,0,null
292730.369,DIGITAL_IN,Hole5NP,-1,null
292790.342,DIGITAL_IN,Hole5NP,0,null
293011.242,DIGITAL_IN,Hole5NP,-1,null
293079.211,DIGITAL_IN,Hole5NP,0,null
293459.039,DIGITAL_IN,ChoiceWallIR,0,null
293483.028,DIGITAL_IN,Hole5NP,-1,null
293491.025,DIGITAL_IN,ChoiceWallIR,-1,null
293523.01,DIGITAL_IN,Hole5NP,0,null
294022.784,DIGITAL_IN,Hole5NP,-1,null
294054.769,DIGITAL_IN,Hole5NP,0,null
294118.74,DIGITAL_IN,Hole5NP,-1,null
294162.721,DIGITAL_IN,Hole5NP,0,null
294894.389,DIGITAL_IN,Hole5NP,-1,null
294962.358,DIGITAL_IN,Hole5NP,0,null
295546.094,DIGITAL_IN,ChoiceWallIR,0,null
295546.094,DIGITAL_IN,Hole6NP,-1,null
295574.081,DIGITAL_IN,Hole6NP,0,null
295714.018,DIGITAL_IN,ChoiceWallIR,-1,null
295825.967,DIGITAL_IN,Hole5NP,-1,null
295913.927,DIGITAL_IN,Hole5NP,0,null
295925.922,DIGITAL_IN,Hole5NP,-1,null
296149.821,DIGITAL_IN,Hole5NP,0,null
296185.804,DIGITAL_IN,Hole5NP,-1,null
296281.761,DIGITAL_IN,Hole5NP,0,null
296613.611,DIGITAL_IN,Hole5NP,-1,null
296633.601,DIGITAL_IN,Hole5NP,0,null
296657.591,DIGITAL_IN,Hole5NP,-1,null
296901.48,DIGITAL_IN,Hole5NP,0,null
297429.241,DIGITAL_IN,Hole5NP,-1,null
297517.201,DIGITAL_IN,Hole5NP,0,null
298496.758,DIGITAL_IN,Hole5NP,-1,null
298552.732,DIGITAL_IN,Hole5NP,0,null
298732.651,DIGITAL_IN,Hole5NP,-1,null
298892.578,DIGITAL_IN,Hole5NP,0,null
299601.257,DIGITAL_IN,Hole5NP,-1,null
299797.169,DIGITAL_IN,Hole5NP,0,null
300009.073,DIGITAL_IN,Hole5NP,-1,null
300496.852,DIGITAL_IN,Hole5NP,0,null
301144.558,DIGITAL_IN,Hole5NP,-1,null
301432.428,DIGITAL_IN,Hole5NP,0,null
301460.415,DIGITAL_IN,Hole5NP,-1,null
301880.225,DIGITAL_IN,Hole5NP,0,null
302447.968,DIGITAL_IN,Hole5NP,-1,null
302503.943,DIGITAL_IN,Hole5NP,0,null
302755.829,DIGITAL_IN,Hole5NP,-1,null
302835.792,DIGITAL_IN,Hole5NP,0,null
303051.695,DIGITAL_IN,ChoiceWallIR,0,null
303111.667,DIGITAL_IN,ChoiceWallIR,-1,null
303231.613,DIGITAL_IN,Hole6NP,-1,null
303259.6,DIGITAL_IN,Hole6NP,0,null
303787.361,DIGITAL_IN,Hole5NP,-1,null
303911.305,DIGITAL_IN,ChoiceWallIR,0,null
303923.3,DIGITAL_IN,Hole5NP,0,null
303935.294,DIGITAL_IN,ChoiceWallIR,-1,null
304251.151,DIGITAL_IN,Hole5NP,-1,null
304259.148,DIGITAL_IN,Hole5NP,0,null
304283.137,DIGITAL_IN,Hole5NP,-1,null
304359.102,DIGITAL_IN,Hole5NP,0,null
304375.095,DIGITAL_IN,Hole5NP,-1,null
304403.083,DIGITAL_IN,Hole5NP,0,null
304826.891,DIGITAL_IN,ChoiceWallIR,0,null
304962.829,DIGITAL_IN,ChoiceWallIR,-1,null
305282.684,DIGITAL_IN,Hole5NP,-1,null
305378.641,DIGITAL_IN,Hole5NP,0,null
305422.621,DIGITAL_IN,ChoiceWallIR,0,null
305590.545,DIGITAL_IN,ChoiceWallIR,-1,null
306159.287,DIGITAL_IN,ChoiceWallIR,0,null
306219.262,DIGITAL_IN,ChoiceWallIR,-1,null
306251.245,DIGITAL_IN,ChoiceWallIR,0,null
306283.231,DIGITAL_IN,ChoiceWallIR,-1,null
306287.23,DIGITAL_IN,ChoiceWallIR,0,null
306311.218,DIGITAL_IN,ChoiceWallIR,-1,null
306367.193,DIGITAL_IN,ChoiceWallIR,0,null
307030.892,DIGITAL_IN,ChoiceWallIR,-1,null
307218.809,DIGITAL_IN,ChoiceWallIR,0,null
307402.724,DIGITAL_IN,TrayWallIR,-1,null
311189.009,DIGITAL_IN,TrayWallIR,0,null
312016.634,DIGITAL_IN,TrayWallIR,-1,null
312040.623,DIGITAL_IN,TrayWallIR,0,null
312128.584,DIGITAL_IN,TrayWallIR,-1,null
312625.359,DIGITAL_IN,TrayWallIR,0,null
312685.331,DIGITAL_IN,TrayWallIR,-1,null
313061.161,DIGITAL_IN,TrayWallIR,0,null
314208.641,DIGITAL_IN,TrayWallIR,-1,null
316295.696,DIGITAL_IN,TrayWallIR,0,null
316411.644,DIGITAL_IN,TrayWallIR,-1,null
316419.64,DIGITAL_IN,TrayWallIR,0,null
317735.044,DIGITAL_IN,TrayWallIR,-1,null
318854.537,DIGITAL_IN,TrayWallIR,0,null
319131.412,DIGITAL_IN,ChoiceWallIR,-1,null
319491.249,DIGITAL_IN,ChoiceWallIR,0,null
319555.22,DIGITAL_IN,ChoiceWallIR,-1,null
319787.115,DIGITAL_IN,Hole5NP,-1,null
320058.992,DIGITAL_IN,Hole5NP,0,null
320730.688,DIGITAL_IN,ChoiceWallIR,0,null
320882.619,DIGITAL_IN,ChoiceWallIR,-1,null
321294.432,DIGITAL_IN,ChoiceWallIR,0,null
321322.42,DIGITAL_IN,ChoiceWallIR,-1,null
321702.248,DIGITAL_IN,ChoiceWallIR,0,null
322138.05,DIGITAL_IN,ChoiceWallIR,-1,null
322393.048,PROGRAMMATIC,PITimerEvent,-1,null
322393.048,ALWAYS,ITI,-1,null
322861.722,DIGITAL_IN,ChoiceWallIR,0,null
323285.53,DIGITAL_IN,ChoiceWallIR,-1,null
323357.498,DIGITAL_IN,ChoiceWallIR,0,null
323841.279,DIGITAL_IN,ChoiceWallIR,-1,null
324017.199,DIGITAL_IN,ChoiceWallIR,0,null
324089.167,DIGITAL_IN,ChoiceWallIR,-1,null
324397.027,DIGITAL_IN,ChoiceWallIR,0,null
324800.844,DIGITAL_IN,ChoiceWallIR,-1,null
324816.837,DIGITAL_IN,ChoiceWallIR,0,null
324828.831,DIGITAL_IN,ChoiceWallIR,-1,null
325809.387,DIGITAL_IN,ChoiceWallIR,0,null
326061.273,DIGITAL_IN,ChoiceWallIR,-1,null
326065.272,DIGITAL_IN,ChoiceWallIR,0,null
326117.248,DIGITAL_IN,ChoiceWallIR,-1,null
326740.965,DIGITAL_IN,ChoiceWallIR,0,null
326968.862,DIGITAL_IN,ChoiceWallIR,-1,null
328016.388,DIGITAL_IN,Hole6NP,-1,null
328048.373,DIGITAL_IN,Hole6NP,0,null
328544.149,DIGITAL_IN,Hole5NP,-1,null
328608.12,DIGITAL_IN,Hole5NP,0,null
328812.027,DIGITAL_IN,ChoiceWallIR,0,null
328927.975,DIGITAL_IN,Hole5NP,-1,null
328951.964,DIGITAL_IN,Hole5NP,0,null
328991.946,DIGITAL_IN,ChoiceWallIR,-1,null
329351.783,DIGITAL_IN,ChoiceWallIR,0,null
329623.66,DIGITAL_IN,ChoiceWallIR,-1,null
329827.568,DIGITAL_IN,Hole5NP,-1,null
329843.56,DIGITAL_IN,ChoiceWallIR,0,null
329879.544,DIGITAL_IN,Hole5NP,0,null
329975.501,DIGITAL_IN,ChoiceWallIR,-1,null
330471.276,DIGITAL_IN,Hole5NP,-1,null
330531.249,DIGITAL_IN,Hole5NP,0,null
330559.236,DIGITAL_IN,Hole5NP,-1,null
330659.191,DIGITAL_IN,Hole5NP,0,null
330975.048,DIGITAL_IN,ChoiceWallIR,0,null
331190.95,DIGITAL_IN,ChoiceWallIR,-1,null
331202.945,DIGITAL_IN,ChoiceWallIR,0,null
331246.925,DIGITAL_IN,ChoiceWallIR,-1,null
331998.584,DIGITAL_IN,ChoiceWallIR,0,null
332051.56,DIGITAL_IN,ChoiceWallIR,-1,null
332563.328,DIGITAL_IN,ChoiceWallIR,0,null
332591.316,DIGITAL_IN,ChoiceWallIR,-1,null
333334.979,DIGITAL_IN,ChoiceWallIR,0,null
334182.595,DIGITAL_IN,ChoiceWallIR,-1,null
334326.53,DIGITAL_IN,ChoiceWallIR,0,null
334330.529,DIGITAL_IN,ChoiceWallIR,-1,null
336025.76,DIGITAL_IN,ChoiceWallIR,0,null
336045.751,DIGITAL_IN,ChoiceWallIR,-1,null
338689.554,DIGITAL_IN,ChoiceWallIR,0,null
338785.51,DIGITAL_IN,ChoiceWallIR,-1,null
338801.503,DIGITAL_IN,ChoiceWallIR,0,null
338921.449,DIGITAL_IN,ChoiceWallIR,-1,null
339169.337,DIGITAL_IN,ChoiceWallIR,0,null
339485.193,DIGITAL_IN,ChoiceWallIR,-1,null
341036.491,DIGITAL_IN,ChoiceWallIR,0,null
341040.49,DIGITAL_IN,ChoiceWallIR,-1,null
341060.48,DIGITAL_IN,ChoiceWallIR,0,null
341416.319,DIGITAL_IN,ChoiceWallIR,-1,null
341516.274,DIGITAL_IN,ChoiceWallIR,0,null
341628.223,DIGITAL_IN,ChoiceWallIR,-1,null
341752.167,DIGITAL_IN,ChoiceWallIR,0,null
342020.045,DIGITAL_IN,ChoiceWallIR,-1,null
342155.984,DIGITAL_IN,ChoiceWallIR,0,null
342393.048,PROGRAMMATIC,ITITimerEvent,-1,null
342771.705,DIGITAL_IN,ChoiceWallIR,-1,null
343563.346,DIGITAL_IN,ChoiceWallIR,0,null
343599.33,DIGITAL_IN,ChoiceWallIR,-1,null
343651.307,DIGITAL_IN,ChoiceWallIR,0,null
343815.232,DIGITAL_IN,ChoiceWallIR,-1,null
344031.135,DIGITAL_IN,ChoiceWallIR,0,null
344151.08,DIGITAL_IN,TrayWallIR,-1,null
344718.823,DIGITAL_IN,TrayWallIR,0,null
344766.802,DIGITAL_IN,TrayWallIR,-1,null
346670.939,DIGITAL_IN,TrayWallIR,0,null
346690.93,DIGITAL_IN,TrayWallIR,-1,null
346694.929,DIGITAL_IN,TrayWallIR,0,null
347890.387,DIGITAL_IN,TrayWallIR,-1,null
349245.773,DIGITAL_IN,TrayWallIR,0,null
349308.048,PROGRAMMATIC,RandITITimerEvent,-1,null
349308.048,PROGRAMMATIC,PIEvent,-1,null
349313.745,DIGITAL_IN,TrayWallIR,-1,null
349609.608,DIGITAL_IN,TrayWallIR,0,null
349965.447,DIGITAL_IN,TrayWallIR,-1,null
350237.324,DIGITAL_IN,TrayWallIR,0,null
350241.323,DIGITAL_IN,TrayWallIR,-1,null
350253.316,DIGITAL_IN,TrayWallIR,0,null
351428.784,DIGITAL_IN,ChoiceWallIR,-1,null
351657.68,DIGITAL_IN,ChoiceWallIR,0,null
351689.666,DIGITAL_IN,ChoiceWallIR,-1,null
351705.659,DIGITAL_IN,ChoiceWallIR,0,null
352745.188,DIGITAL_IN,ChoiceWallIR,-1,null
353045.052,DIGITAL_IN,Hole5NP,-1,null
353057.047,DIGITAL_IN,ChoiceWallIR,0,null
353125.016,DIGITAL_IN,Hole5NP,0,null
353276.947,DIGITAL_IN,Hole5NP,-1,null
353336.92,DIGITAL_IN,Hole5NP,0,null
354224.518,DIGITAL_IN,ChoiceWallIR,-1,null
354276.494,DIGITAL_IN,ChoiceWallIR,0,null
354408.435,DIGITAL_IN,Hole5NP,-1,null
354628.335,DIGITAL_IN,Hole5NP,0,null
354660.32,DIGITAL_IN,Hole5NP,-1,null
354696.304,DIGITAL_IN,Hole5NP,0,null
354916.205,DIGITAL_IN,Hole5NP,-1,null
354924.201,DIGITAL_IN,Hole5NP,0,null
354956.187,DIGITAL_IN,Hole5NP,-1,null
355008.163,DIGITAL_IN,Hole5NP,0,null
355104.12,DIGITAL_IN,ChoiceWallIR,-1,null
355140.103,DIGITAL_IN,ChoiceWallIR,0,null
355168.091,DIGITAL_IN,ChoiceWallIR,-1,null
355332.016,DIGITAL_IN,ChoiceWallIR,0,null
355344.011,DIGITAL_IN,Hole5NP,-1,null
355467.955,DIGITAL_IN,Hole5NP,0,null
355599.895,DIGITAL_IN,ChoiceWallIR,-1,null
356095.67,DIGITAL_IN,ChoiceWallIR,0,null
356107.665,DIGITAL_IN,Hole5NP,-1,null
356235.607,DIGITAL_IN,Hole5NP,0,null
356247.602,DIGITAL_IN,Hole5NP,-1,null
356423.522,DIGITAL_IN,ChoiceWallIR,-1,null
356427.521,DIGITAL_IN,Hole5NP,0,null
356599.442,DIGITAL_IN,ChoiceWallIR,0,null
356623.431,DIGITAL_IN,ChoiceWallIR,-1,null
356803.35,DIGITAL_IN,Hole5NP,-1,null
356815.345,DIGITAL_IN,Hole5NP,0,null
356843.332,DIGITAL_IN,Hole5NP,-1,null
356875.317,DIGITAL_IN,Hole5NP,0,null
357035.245,DIGITAL_IN,Hole5NP,-1,null
357051.238,DIGITAL_IN,Hole5NP,0,null
357079.225,DIGITAL_IN,Hole5NP,-1,null
357095.218,DIGITAL_IN,ChoiceWallIR,0,null
357115.209,DIGITAL_IN,Hole5NP,0,null
357163.187,DIGITAL_IN,ChoiceWallIR,-1,null
357610.984,DIGITAL_IN,ChoiceWallIR,0,null
357634.973,DIGITAL_IN,ChoiceWallIR,-1,null
357750.921,DIGITAL_IN,ChoiceWallIR,0,null
357794.901,DIGITAL_IN,Hole5NP,-1,null
357830.884,DIGITAL_IN,Hole5NP,0,null
357858.872,DIGITAL_IN,Hole5NP,-1,null
357890.858,DIGITAL_IN,Hole5NP,0,null
358155.737,DIGITAL_IN,ChoiceWallIR,-1,null
358271.685,DIGITAL_IN,ChoiceWallIR,0,null
358291.676,DIGITAL_IN,Hole5NP,-1,null
358339.654,DIGITAL_IN,Hole5NP,0,null
358371.64,DIGITAL_IN,Hole5NP,-1,null
358395.629,DIGITAL_IN,Hole5NP,0,null
358459.6,DIGITAL_IN,ChoiceWallIR,-1,null
358463.598,DIGITAL_IN,ChoiceWallIR,0,null
358587.542,DIGITAL_IN,ChoiceWallIR,-1,null
358631.522,DIGITAL_IN,Hole5NP,-1,null
358651.513,DIGITAL_IN,Hole5NP,0,null
358659.509,DIGITAL_IN,ChoiceWallIR,0,null
358659.509,DIGITAL_IN,Hole5NP,-1,null
358779.455,DIGITAL_IN,ChoiceWallIR,-1,null
358783.454,DIGITAL_IN,Hole5NP,0,null
359211.259,DIGITAL_IN,ChoiceWallIR,0,null
359215.258,DIGITAL_IN,Hole5NP,-1,null
359263.236,DIGITAL_IN,ChoiceWallIR,-1,null
359271.232,DIGITAL_IN,Hole5NP,0,null
359355.194,DIGITAL_IN,Hole5NP,-1,null
359395.176,DIGITAL_IN,Hole5NP,0,null
359687.044,DIGITAL_IN,Hole5NP,-1,null
359707.035,DIGITAL_IN,ChoiceWallIR,0,null
359735.022,DIGITAL_IN,ChoiceWallIR,-1,null
359743.018,DIGITAL_IN,Hole5NP,0,null
360146.836,DIGITAL_IN,Hole5NP,-1,null
360190.816,DIGITAL_IN,Hole5NP,0,null
360214.805,DIGITAL_IN,Hole5NP,-1,null
360286.772,DIGITAL_IN,ChoiceWallIR,0,null
360290.771,DIGITAL_IN,Hole5NP,0,null
360302.765,DIGITAL_IN,ChoiceWallIR,-1,null
360674.597,DIGITAL_IN,ChoiceWallIR,0,null
360858.513,DIGITAL_IN,ChoiceWallIR,-1,null
360970.463,DIGITAL_IN,Hole5NP,-1,null
361098.405,DIGITAL_IN,Hole5NP,0,null
361118.396,DIGITAL_IN,ChoiceWallIR,0,null
361158.377,DIGITAL_IN,ChoiceWallIR,-1,null
361162.376,DIGITAL_IN,ChoiceWallIR,0,null
361174.37,DIGITAL_IN,ChoiceWallIR,-1,null
361178.369,DIGITAL_IN,ChoiceWallIR,0,null
361226.347,DIGITAL_IN,Hole5NP,-1,null
361250.336,DIGITAL_IN,Hole5NP,0,null
361254.334,DIGITAL_IN,ChoiceWallIR,-1,null
361426.256,DIGITAL_IN,ChoiceWallIR,0,null
361454.243,DIGITAL_IN,ChoiceWallIR,-1,null
361454.243,DIGITAL_IN,Hole5NP,-1,null
361486.229,DIGITAL_IN,Hole5NP,0,null
361846.066,DIGITAL_IN,ChoiceWallIR,0,null
361986.003,DIGITAL_IN,ChoiceWallIR,-1,null
362033.981,DIGITAL_IN,ChoiceWallIR,0,null
362133.936,DIGITAL_IN,ChoiceWallIR,-1,null
362341.841,DIGITAL_IN,Hole5NP,-1,null
362377.825,DIGITAL_IN,Hole5NP,0,null
362573.736,DIGITAL_IN,Hole5NP,-1,null
362613.718,DIGITAL_IN,Hole5NP,0,null
362873.601,DIGITAL_IN,Hole5NP,-1,null
362909.584,DIGITAL_IN,Hole5NP,0,null
363281.416,DIGITAL_IN,Hole6NP,-1,null
363373.375,DIGITAL_IN,Hole6NP,0,null
364029.077,DIGITAL_IN,Hole5NP,-1,null
364073.057,DIGITAL_IN,Hole5NP,0,null
364292.958,DIGITAL_IN,Hole5NP,-1,null
364344.934,DIGITAL_IN,Hole5NP,0,null
364689.778,DIGITAL_IN,ChoiceWallIR,0,null
364777.738,DIGITAL_IN,ChoiceWallIR,-1,null
364797.729,DIGITAL_IN,Hole6NP,-1,null
364853.704,DIGITAL_IN,Hole6NP,0,null
365205.544,DIGITAL_IN,Hole5NP,-1,null
365237.53,DIGITAL_IN,Hole5NP,0,null
365281.51,DIGITAL_IN,Hole5NP,-1,null
365305.499,DIGITAL_IN,Hole5NP,0,null
365645.345,DIGITAL_IN,ChoiceWallIR,0,null
365925.219,DIGITAL_IN,ChoiceWallIR,-1,null
366381.012,DIGITAL_IN,Hole5NP,-1,null
366800.822,DIGITAL_IN,Hole5NP,0,null
367056.706,DIGITAL_IN,ChoiceWallIR,0,null
367064.703,DIGITAL_IN,Hole6NP,-1,null
367116.679,DIGITAL_IN,ChoiceWallIR,-1,null
367340.582,DIGITAL_IN,Hole6NP,0,null
367372.563,DIGITAL_IN,Hole6NP,-1,null
367384.558,DIGITAL_IN,Hole6NP,0,null
367864.34,DIGITAL_IN,Hole5NP,-1,null
367884.332,DIGITAL_IN,Hole5NP,0,null
368572.02,DIGITAL_IN,ChoiceWallIR,0,null
369259.708,DIGITAL_IN,ChoiceWallIR,-1,null
369271.703,DIGITAL_IN,ChoiceWallIR,0,null
369455.62,DIGITAL_IN,ChoiceWallIR,-1,null
369467.614,DIGITAL_IN,ChoiceWallIR,0,null
369515.592,DIGITAL_IN,ChoiceWallIR,-1,null
370031.359,DIGITAL_IN,ChoiceWallIR,0,null
370087.333,DIGITAL_IN,ChoiceWallIR,-1,null
371202.828,DIGITAL_IN,ChoiceWallIR,0,null
371331.77,DIGITAL_IN,ChoiceWallIR,-1,null
371339.766,DIGITAL_IN,ChoiceWallIR,0,null
371543.674,DIGITAL_IN,TrayWallIR,-1,null
371983.475,DIGITAL_IN,TrayWallIR,0,null
372455.261,DIGITAL_IN,TrayWallIR,-1,null
372507.237,DIGITAL_IN,TrayWallIR,0,null
380396.664,DIGITAL_IN,ChoiceWallIR,-1,null
380492.621,DIGITAL_IN,ChoiceWallIR,0,null
381560.137,DIGITAL_IN,ChoiceWallIR,-1,null
382995.487,DIGITAL_IN,ChoiceWallIR,0,null
383215.388,DIGITAL_IN,ChoiceWallIR,-1,null
383303.348,DIGITAL_IN,ChoiceWallIR,0,null
383383.312,DIGITAL_IN,ChoiceWallIR,-1,null
383583.221,DIGITAL_IN,ChoiceWallIR,0,null
383635.198,DIGITAL_IN,Hole5NP,-1,null
383803.121,DIGITAL_IN,Hole5NP,0,null
385447.377,DIGITAL_IN,TrayWallIR,-1,null
385727.25,DIGITAL_IN,TrayWallIR,0,null
385899.172,DIGITAL_IN,TrayWallIR,-1,null
385963.143,DIGITAL_IN,TrayWallIR,0,null
386059.1,DIGITAL_IN,TrayWallIR,-1,null
386135.065,DIGITAL_IN,TrayWallIR,0,null
386183.044,DIGITAL_IN,TrayWallIR,-1,null
386223.025,DIGITAL_IN,TrayWallIR,0,null
386322.98,DIGITAL_IN,TrayWallIR,-1,null
386394.948,DIGITAL_IN,TrayWallIR,0,null
386922.708,DIGITAL_IN,TrayWallIR,-1,null
386946.698,DIGITAL_IN,TrayWallIR,0,null
386978.683,DIGITAL_IN,TrayWallIR,-1,null
390437.117,DIGITAL_IN,TrayWallIR,0,null
390736.981,DIGITAL_IN,TrayWallIR,-1,null
390792.956,DIGITAL_IN,TrayWallIR,0,null
390973.874,DIGITAL_IN,TrayWallIR,-1,null
391705.542,DIGITAL_IN,TrayWallIR,0,null
392221.309,DIGITAL_IN,TrayWallIR,-1,null
393952.525,DIGITAL_IN,TrayWallIR,0,null
394068.472,DIGITAL_IN,TrayWallIR,-1,null
394076.468,DIGITAL_IN,TrayWallIR,0,null
394308.048,PROGRAMMATIC,PITimerEvent,-1,null
394308.048,ALWAYS,ITI,-1,null
395463.84,DIGITAL_IN,TrayWallIR,-1,null
395535.807,DIGITAL_IN,TrayWallIR,0,null
396327.449,DIGITAL_IN,TrayWallIR,-1,null
396755.256,DIGITAL_IN,TrayWallIR,0,null
397111.094,DIGITAL_IN,TrayWallIR,-1,null
401410.147,DIGITAL_IN,TrayWallIR,0,null
401598.062,DIGITAL_IN,TrayWallIR,-1,null
401801.97,DIGITAL_IN,TrayWallIR,0,null
401825.959,DIGITAL_IN,TrayWallIR,-1,null
401977.89,DIGITAL_IN,TrayWallIR,0,null
402541.634,DIGITAL_IN,TrayWallIR,-1,null
402673.575,DIGITAL_IN,TrayWallIR,0,null
402845.497,DIGITAL_IN,TrayWallIR,-1,null
403005.425,DIGITAL_IN,TrayWallIR,0,null
404217.875,DIGITAL_IN,TrayWallIR,-1,null
404433.778,DIGITAL_IN,TrayWallIR,0,null
404545.727,DIGITAL_IN,TrayWallIR,-1,null
404589.707,DIGITAL_IN,TrayWallIR,0,null
404857.586,DIGITAL_IN,TrayWallIR,-1,null
404885.573,DIGITAL_IN,TrayWallIR,0,null
406025.057,DIGITAL_IN,TrayWallIR,-1,null
406244.958,DIGITAL_IN,TrayWallIR,0,null
409523.472,DIGITAL_IN,TrayWallIR,-1,null
409527.472,DIGITAL_IN,TrayWallIR,0,null
409563.454,DIGITAL_IN,TrayWallIR,-1,null
409619.429,DIGITAL_IN,TrayWallIR,0,null
409739.375,DIGITAL_IN,TrayWallIR,-1,null
409755.367,DIGITAL_IN,TrayWallIR,0,null
410395.078,DIGITAL_IN,TrayWallIR,-1,null
410472.043,DIGITAL_IN,TrayWallIR,0,null
411535.561,DIGITAL_IN,TrayWallIR,-1,null
411887.402,DIGITAL_IN,TrayWallIR,0,null
411975.362,DIGITAL_IN,TrayWallIR,-1,null
412007.347,DIGITAL_IN,TrayWallIR,0,null
412087.311,DIGITAL_IN,TrayWallIR,-1,null
412095.308,DIGITAL_IN,TrayWallIR,0,null
414308.048,PROGRAMMATIC,ITITimerEvent,-1,null
416967.048,PROGRAMMATIC,RandITITimerEvent,-1,null
416967.048,PROGRAMMATIC,FIEvent,-1,null
417170.009,DIGITAL_IN,TrayWallIR,-1,null
418565.378,DIGITAL_IN,TrayWallIR,0,null
418713.31,DIGITAL_IN,TrayWallIR,-1,null
418745.296,DIGITAL_IN,TrayWallIR,0,null
421699.958,DIGITAL_IN,ChoiceWallIR,-1,null
421959.84,DIGITAL_IN,ChoiceWallIR,0,null
422175.742,DIGITAL_IN,Hole5NP,-1,null
422227.718,DIGITAL_IN,Hole5NP,0,null
422303.684,DIGITAL_IN,Hole5NP,-1,null
422447.619,DIGITAL_IN,ChoiceWallIR,-1,null
422487.601,DIGITAL_IN,Hole5NP,0,null
422591.554,DIGITAL_IN,ChoiceWallIR,0,null
422639.532,DIGITAL_IN,ChoiceWallIR,-1,null
422695.507,DIGITAL_IN,Hole5NP,-1,null
422763.476,DIGITAL_IN,Hole5NP,0,null
422855.434,DIGITAL_IN,ChoiceWallIR,0,null
423115.317,DIGITAL_IN,Hole5NP,-1,null
423159.297,DIGITAL_IN,Hole5NP,0,null
424051.892,DIGITAL_IN,ChoiceWallIR,-1,null
424275.791,DIGITAL_IN,ChoiceWallIR,0,null
424295.782,DIGITAL_IN,Hole5NP,-1,null
424379.744,DIGITAL_IN,Hole5NP,0,null
424387.74,DIGITAL_IN,Hole5NP,-1,null
424479.698,DIGITAL_IN,Hole5NP,0,null
424819.545,DIGITAL_IN,Hole5NP,-1,null
424875.519,DIGITAL_IN,Hole5NP,0,null
425227.36,DIGITAL_IN,ChoiceWallIR,-1,null
425359.3,DIGITAL_IN,ChoiceWallIR,0,null
425379.291,DIGITAL_IN,Hole5NP,-1,null
425415.275,DIGITAL_IN,Hole5NP,0,null
425467.251,DIGITAL_IN,Hole5NP,-1,null
425635.175,DIGITAL_IN,Hole5NP,0,null
425683.154,DIGITAL_IN,Hole5NP,-1,null
425723.135,DIGITAL_IN,Hole5NP,0,null
425743.126,DIGITAL_IN,ChoiceWallIR,-1,null
425751.123,DIGITAL_IN,ChoiceWallIR,0,null
425971.023,DIGITAL_IN,Hole5NP,-1,null
425995.012,DIGITAL_IN,ChoiceWallIR,-1,null
425999.011,DIGITAL_IN,Hole5NP,0,null
426066.98,DIGITAL_IN,Hole5NP,-1,null
426070.978,DIGITAL_IN,ChoiceWallIR,0,null
426082.972,DIGITAL_IN,Hole5NP,0,null
426230.905,DIGITAL_IN,ChoiceWallIR,-1,null
426478.793,DIGITAL_IN,Hole5NP,-1,null
426546.762,DIGITAL_IN,Hole5NP,0,null
426634.723,DIGITAL_IN,Hole5NP,-1,null
426670.706,DIGITAL_IN,ChoiceWallIR,0,null
426702.692,DIGITAL_IN,Hole5NP,0,null
426726.681,DIGITAL_IN,ChoiceWallIR,-1,null
426966.572,DIGITAL_IN,ChoiceWallIR,0,null
427010.552,DIGITAL_IN,ChoiceWallIR,-1,null
427034.541,DIGITAL_IN,ChoiceWallIR,0,null
427186.473,DIGITAL_IN,ChoiceWallIR,-1,null
427258.44,DIGITAL_IN,Hole5NP,-1,null
427286.427,DIGITAL_IN,Hole5NP,0,null
428489.882,DIGITAL_IN,Hole5NP,-1,null
428557.852,DIGITAL_IN,Hole5NP,0,null
428625.821,DIGITAL_IN,Hole5NP,-1,null
428701.786,DIGITAL_IN,Hole5NP,0,null
429533.41,DIGITAL_IN,Hole5NP,-1,null
429557.399,DIGITAL_IN,Hole5NP,0,null
430565.942,DIGITAL_IN,Hole5NP,-1,null
430657.9,DIGITAL_IN,Hole5NP,0,null
430733.866,DIGITAL_IN,Hole5NP,-1,null
430781.844,DIGITAL_IN,Hole5NP,0,null
430945.77,DIGITAL_IN,Hole5NP,-1,null
430977.755,DIGITAL_IN,Hole5NP,0,null
431329.596,DIGITAL_IN,Hole6NP,-1,null
431361.582,DIGITAL_IN,ChoiceWallIR,0,null
431409.56,DIGITAL_IN,ChoiceWallIR,-1,null
431449.542,DIGITAL_IN,Hole6NP,0,null
431873.35,DIGITAL_IN,Hole5NP,-1,null
431953.314,DIGITAL_IN,Hole5NP,0,null
431967.048,PROGRAMMATIC,FITimerEvent,-1,null
432688.981,DIGITAL_IN,Hole6NP,-1,null
432764.946,DIGITAL_IN,Hole6NP,0,null
433468.627,DIGITAL_IN,Hole5NP,-1,null
433468.627,PROGRAMMATIC,Hole5Event,-1,null
433488.618,DIGITAL_IN,Hole5NP,0,null
433756.497,DIGITAL_IN,ChoiceWallIR,0,null
433776.488,DIGITAL_IN,ChoiceWallIR,-1,null
433784.484,DIGITAL_IN,ChoiceWallIR,0,null
433816.47,DIGITAL_IN,ChoiceWallIR,-1,null
433892.435,DIGITAL_IN,ChoiceWallIR,0,null
433972.399,DIGITAL_IN,TrayWallIR,-1,null
434008.383,DIGITAL_IN,ChoiceWallIR,-1,null
434020.377,DIGITAL_IN,ChoiceWallIR,0,null
434668.627,PROGRAMMATIC,FeederTimerEvent,-1,null
434668.627,ALWAYS,ITI,-1,null
454486.108,DIGITAL_IN,TrayWallIR,0,null
454668.627,PROGRAMMATIC,ITITimerEvent,-1,null
455233.77,DIGITAL_IN,TrayWallIR,-1,null
455265.755,DIGITAL_IN,TrayWallIR,0,null
455413.688,DIGITAL_IN,TrayWallIR,-1,null
456434.226,DIGITAL_IN,TrayWallIR,0,null
458293.384,DIGITAL_IN,TrayWallIR,-1,null
460756.269,DIGITAL_IN,TrayWallIR,0,null
460804.247,DIGITAL_IN,TrayWallIR,-1,null
460912.198,DIGITAL_IN,TrayWallIR,0,null
461176.078,DIGITAL_IN,TrayWallIR,-1,null
461180.077,DIGITAL_IN,TrayWallIR,0,null
461547.91,DIGITAL_IN,ChoiceWallIR,-1,null
461639.868,DIGITAL_IN,ChoiceWallIR,0,null
461651.863,DIGITAL_IN,ChoiceWallIR,-1,null
462583.441,DIGITAL_IN,ChoiceWallIR,0,null
462712.382,DIGITAL_IN,ChoiceWallIR,-1,null
462864.314,DIGITAL_IN,ChoiceWallIR,0,null
463340.098,DIGITAL_IN,ChoiceWallIR,-1,null
463955.819,DIGITAL_IN,ChoiceWallIR,0,null
463975.81,DIGITAL_IN,Hole5NP,-1,null
463995.801,DIGITAL_IN,Hole5NP,0,null
464247.687,DIGITAL_IN,ChoiceWallIR,-1,null
464380.627,PROGRAMMATIC,RandITITimerEvent,-1,null
464380.627,PROGRAMMATIC,FIEvent,-1,null
464627.515,DIGITAL_IN,ChoiceWallIR,0,null
464943.372,DIGITAL_IN,ChoiceWallIR,-1,null
465383.173,DIGITAL_IN,ChoiceWallIR,0,null
465415.158,DIGITAL_IN,ChoiceWallIR,-1,null
465663.046,DIGITAL_IN,Hole5NP,-1,null
465778.994,DIGITAL_IN,ChoiceWallIR,0,null
465842.965,DIGITAL_IN,ChoiceWallIR,-1,null
465858.957,DIGITAL_IN,Hole5NP,0,null
466754.552,DIGITAL_IN,ChoiceWallIR,0,null
466786.537,DIGITAL_IN,Hole5NP,-1,null
466918.478,DIGITAL_IN,Hole5NP,0,null
466922.477,DIGITAL_IN,ChoiceWallIR,-1,null
467074.407,DIGITAL_IN,ChoiceWallIR,0,null
467338.287,DIGITAL_IN,ChoiceWallIR,-1,null
467630.155,DIGITAL_IN,ChoiceWallIR,0,null
467746.103,DIGITAL_IN,Hole5NP,-1,null
467810.074,DIGITAL_IN,Hole5NP,0,null
467838.061,DIGITAL_IN,Hole5NP,-1,null
467862.05,DIGITAL_IN,Hole5NP,0,null
467882.041,DIGITAL_IN,Hole5NP,-1,null
467902.032,DIGITAL_IN,Hole5NP,0,null
467989.992,DIGITAL_IN,Hole5NP,-1,null
468057.961,DIGITAL_IN,Hole5NP,0,null
468073.954,DIGITAL_IN,Hole5NP,-1,null
468109.938,DIGITAL_IN,Hole5NP,0,null
468381.815,DIGITAL_IN,Hole5NP,-1,null
468569.73,DIGITAL_IN,Hole5NP,0,null
468829.612,DIGITAL_IN,ChoiceWallIR,-1,null
469017.527,DIGITAL_IN,ChoiceWallIR,0,null
469049.512,DIGITAL_IN,ChoiceWallIR,-1,null
469133.474,DIGITAL_IN,ChoiceWallIR,0,null
469145.469,DIGITAL_IN,Hole5NP,-1,null
469157.463,DIGITAL_IN,Hole5NP,0,null
469574.275,DIGITAL_IN,ChoiceWallIR,-1,null
469790.177,DIGITAL_IN,ChoiceWallIR,0,null
469806.17,DIGITAL_IN,Hole5NP,-1,null
469822.162,DIGITAL_IN,Hole5NP,0,null
469886.133,DIGITAL_IN,Hole5NP,-1,null
470030.068,DIGITAL_IN,Hole5NP,0,null
470042.063,DIGITAL_IN,ChoiceWallIR,-1,null
470433.885,DIGITAL_IN,ChoiceWallIR,0,null
470509.851,DIGITAL_IN,ChoiceWallIR,-1,null
470717.757,DIGITAL_IN,ChoiceWallIR,0,null
470801.719,DIGITAL_IN,Hole5NP,-1,null
470869.688,DIGITAL_IN,Hole5NP,0,null
471117.576,DIGITAL_IN,ChoiceWallIR,-1,null
471261.511,DIGITAL_IN,ChoiceWallIR,0,null
471433.433,DIGITAL_IN,ChoiceWallIR,-1,null
471633.342,DIGITAL_IN,ChoiceWallIR,0,null
471737.295,DIGITAL_IN,ChoiceWallIR,-1,null
471985.183,DIGITAL_IN,ChoiceWallIR,0,null
472121.121,DIGITAL_IN,ChoiceWallIR,-1,null
472844.793,DIGITAL_IN,Hole5NP,-1,null
472904.766,DIGITAL_IN,Hole5NP,0,null
472944.748,DIGITAL_IN,Hole5NP,-1,null
472972.736,DIGITAL_IN,Hole5NP,0,null
473140.659,DIGITAL_IN,Hole5NP,-1,null
473384.549,DIGITAL_IN,Hole5NP,0,null
473756.381,DIGITAL_IN,ChoiceWallIR,0,null
473776.371,DIGITAL_IN,Hole5NP,-1,null
473788.366,DIGITAL_IN,ChoiceWallIR,-1,null
473796.362,DIGITAL_IN,Hole5NP,0,null
474052.247,DIGITAL_IN,Hole5NP,-1,null
474132.21,DIGITAL_IN,Hole5NP,0,null
474755.928,DIGITAL_IN,Hole5NP,-1,null
474807.904,DIGITAL_IN,Hole5NP,0,null
474955.837,DIGITAL_IN,Hole5NP,-1,null
474967.832,DIGITAL_IN,Hole5NP,0,null
475023.807,DIGITAL_IN,Hole5NP,-1,null
475031.803,DIGITAL_IN,Hole5NP,0,null
475211.721,DIGITAL_IN,Hole5NP,-1,null
475235.711,DIGITAL_IN,ChoiceWallIR,0,null
475247.705,DIGITAL_IN,ChoiceWallIR,-1,null
475283.689,DIGITAL_IN,Hole5NP,0,null
475884.417,DIGITAL_IN,Hole5NP,-1,null
475940.391,DIGITAL_IN,Hole5NP,0,null
476344.209,DIGITAL_IN,Hole6NP,-1,null
476376.194,DIGITAL_IN,Hole6NP,0,null
476979.921,DIGITAL_IN,Hole5NP,-1,null
477091.87,DIGITAL_IN,Hole5NP,0,null
477203.819,DIGITAL_IN,ChoiceWallIR,0,null
477215.814,DIGITAL_IN,ChoiceWallIR,-1,null
477291.779,DIGITAL_IN,Hole5NP,-1,null
477307.772,DIGITAL_IN,Hole5NP,0,null
477471.698,DIGITAL_IN,Hole5NP,-1,null
477515.678,DIGITAL_IN,Hole5NP,0,null
477783.557,DIGITAL_IN,Hole5NP,-1,null
477831.535,DIGITAL_IN,Hole5NP,0,null
477839.531,DIGITAL_IN,Hole5NP,-1,null
477859.522,DIGITAL_IN,Hole5NP,0,null
478279.332,DIGITAL_IN,Hole5NP,-1,null
478295.325,DIGITAL_IN,Hole5NP,0,null
478711.137,DIGITAL_IN,Hole5NP,-1,null
478827.084,DIGITAL_IN,Hole5NP,0,null
479380.627,PROGRAMMATIC,FITimerEvent,-1,null
479750.666,DIGITAL_IN,Hole6NP,-1,null
479778.653,DIGITAL_IN,ChoiceWallIR,0,null
479806.64,DIGITAL_IN,Hole6NP,0,null
479854.619,DIGITAL_IN,Hole6NP,-1,null
479874.61,DIGITAL_IN,Hole6NP,0,null
479942.579,DIGITAL_IN,ChoiceWallIR,-1,null
479958.572,DIGITAL_IN,Hole6NP,-1,null
480106.505,DIGITAL_IN,Hole6NP,0,null
480838.173,DIGITAL_IN,Hole5NP,-1,null
480838.173,PROGRAMMATIC,Hole5Event,-1,null
480866.161,DIGITAL_IN,Hole5NP,0,null
481022.09,DIGITAL_IN,ChoiceWallIR,0,null
481030.086,DIGITAL_IN,ChoiceWallIR,-1,null
481182.017,DIGITAL_IN,ChoiceWallIR,0,null
481461.891,DIGITAL_IN,TrayWallIR,-1,null
481553.849,DIGITAL_IN,ChoiceWallIR,-1,null
481585.835,DIGITAL_IN,ChoiceWallIR,0,null
482038.173,PROGRAMMATIC,FeederTimerEvent,-1,null
482038.173,ALWAYS,ITI,-1,null
501267.92,DIGITAL_IN,TrayWallIR,0,null
501687.73,DIGITAL_IN,TrayWallIR,-1,null
502008.585,DIGITAL_IN,TrayWallIR,0,null
502038.173,PROGRAMMATIC,ITITimerEvent,-1,null
502348.431,DIGITAL_IN,TrayWallIR,-1,null
502448.386,DIGITAL_IN,TrayWallIR,0,null
504551.435,DIGITAL_IN,TrayWallIR,-1,null
505710.908,DIGITAL_IN,TrayWallIR,0,null
505842.848,DIGITAL_IN,ChoiceWallIR,-1,null
505898.823,DIGITAL_IN,ChoiceWallIR,0,null
505974.789,DIGITAL_IN,ChoiceWallIR,-1,null
505982.785,DIGITAL_IN,ChoiceWallIR,0,null
506110.727,DIGITAL_IN,ChoiceWallIR,-1,null
506306.638,DIGITAL_IN,ChoiceWallIR,0,null
506390.6,DIGITAL_IN,ChoiceWallIR,-1,null
508009.867,DIGITAL_IN,ChoiceWallIR,0,null
508133.173,PROGRAMMATIC,RandITITimerEvent,-1,null
508133.173,PROGRAMMATIC,FIEvent,-1,null
508193.784,DIGITAL_IN,ChoiceWallIR,-1,null
508458.664,DIGITAL_IN,ChoiceWallIR,0,null
508498.645,DIGITAL_IN,Hole5NP,-1,null
508546.624,DIGITAL_IN,Hole5NP,0,null
508638.582,DIGITAL_IN,ChoiceWallIR,-1,null
509118.365,DIGITAL_IN,Hole5NP,-1,null
509158.347,DIGITAL_IN,ChoiceWallIR,0,null
509178.338,DIGITAL_IN,Hole5NP,0,null
509286.289,DIGITAL_IN,ChoiceWallIR,-1,null
509546.171,DIGITAL_IN,ChoiceWallIR,0,null
509626.135,DIGITAL_IN,ChoiceWallIR,-1,null
509722.091,DIGITAL_IN,ChoiceWallIR,0,null
510109.916,DIGITAL_IN,Hole5NP,-1,null
510117.912,DIGITAL_IN,Hole5NP,0,null
510161.892,DIGITAL_IN,ChoiceWallIR,-1,null
510177.885,DIGITAL_IN,ChoiceWallIR,0,null
510225.864,DIGITAL_IN,ChoiceWallIR,-1,null
510557.713,DIGITAL_IN,ChoiceWallIR,0,null
510581.702,DIGITAL_IN,ChoiceWallIR,-1,null
511525.275,DIGITAL_IN,Hole5NP,-1,null
511529.274,DIGITAL_IN,ChoiceWallIR,0,null
511601.24,DIGITAL_IN,Hole5NP,0,null
511637.224,DIGITAL_IN,Hole5NP,-1,null
511797.152,DIGITAL_IN,ChoiceWallIR,-1,null
511801.15,DIGITAL_IN,Hole5NP,0,null
512312.918,DIGITAL_IN,ChoiceWallIR,0,null
512360.896,DIGITAL_IN,ChoiceWallIR,-1,null
512520.824,DIGITAL_IN,ChoiceWallIR,0,null
512616.78,DIGITAL_IN,ChoiceWallIR,-1,null
513036.59,DIGITAL_IN,Hole5NP,-1,null
513064.578,DIGITAL_IN,ChoiceWallIR,0,null
513192.52,DIGITAL_IN,ChoiceWallIR,-1,null
513200.516,DIGITAL_IN,Hole5NP,0,null
513232.501,DIGITAL_IN,Hole5NP,-1,null
513240.498,DIGITAL_IN,ChoiceWallIR,0,null
513272.483,DIGITAL_IN,ChoiceWallIR,-1,null
513272.483,DIGITAL_IN,Hole5NP,0,null
513584.342,DIGITAL_IN,ChoiceWallIR,0,null
513652.311,DIGITAL_IN,ChoiceWallIR,-1,null
514184.07,DIGITAL_IN,Hole5NP,-1,null
514204.061,DIGITAL_IN,Hole5NP,0,null
514228.051,DIGITAL_IN,Hole5NP,-1,null
514232.049,DIGITAL_IN,ChoiceWallIR,0,null
514260.036,DIGITAL_IN,Hole5NP,0,null
514280.027,DIGITAL_IN,ChoiceWallIR,-1,null
514515.92,DIGITAL_IN,Hole5NP,-1,null
514567.9,DIGITAL_IN,Hole5NP,0,null
514571.897,DIGITAL_IN,ChoiceWallIR,0,null
514599.882,DIGITAL_IN,ChoiceWallIR,-1,null
514895.748,DIGITAL_IN,ChoiceWallIR,0,null
514895.748,DIGITAL_IN,Hole5NP,-1,null
514948.724,DIGITAL_IN,Hole5NP,0,null
514956.72,DIGITAL_IN,ChoiceWallIR,-1,null
515132.641,DIGITAL_IN,ChoiceWallIR,0,null
515176.621,DIGITAL_IN,ChoiceWallIR,-1,null
515368.534,DIGITAL_IN,Hole5NP,-1,null
515424.509,DIGITAL_IN,Hole5NP,0,null
515564.445,DIGITAL_IN,ChoiceWallIR,0,null
515580.438,DIGITAL_IN,Hole5NP,-1,null
515664.4,DIGITAL_IN,Hole5NP,0,null
515972.261,DIGITAL_IN,ChoiceWallIR,-1,null
516364.083,DIGITAL_IN,Hole5NP,-1,null
516380.076,DIGITAL_IN,ChoiceWallIR,0,null
516404.065,DIGITAL_IN,ChoiceWallIR,-1,null
516512.016,DIGITAL_IN,Hole5NP,0,null
516683.938,DIGITAL_IN,Hole5NP,-1,null
516703.929,DIGITAL_IN,ChoiceWallIR,0,null
516723.92,DIGITAL_IN,Hole5NP,0,null
516771.898,DIGITAL_IN,ChoiceWallIR,-1,null
516779.895,DIGITAL_IN,ChoiceWallIR,0,null
516787.891,DIGITAL_IN,ChoiceWallIR,-1,null
518199.252,DIGITAL_IN,Hole5NP,-1,null
518223.241,DIGITAL_IN,Hole5NP,0,null
518926.922,DIGITAL_IN,Hole5NP,-1,null
518950.912,DIGITAL_IN,Hole5NP,0,null
518978.899,DIGITAL_IN,Hole5NP,-1,null
518990.893,DIGITAL_IN,Hole5NP,0,null
519370.721,DIGITAL_IN,Hole5NP,-1,null
519506.66,DIGITAL_IN,Hole5NP,0,null
520114.385,DIGITAL_IN,ChoiceWallIR,0,null
520134.375,DIGITAL_IN,ChoiceWallIR,-1,null
520746.098,DIGITAL_IN,Hole5NP,-1,null
520922.019,DIGITAL_IN,Hole5NP,0,null
521325.836,DIGITAL_IN,Hole5NP,-1,null
521365.818,DIGITAL_IN,Hole5NP,0,null
521606.709,DIGITAL_IN,Hole5NP,-1,null
521694.669,DIGITAL_IN,Hole5NP,0,null
522418.341,DIGITAL_IN,Hole5NP,-1,null
522562.276,DIGITAL_IN,Hole5NP,0,null
522698.214,DIGITAL_IN,Hole5NP,-1,null
522714.207,DIGITAL_IN,Hole5NP,0,null
523133.173,PROGRAMMATIC,FITimerEvent,-1,null
523721.751,DIGITAL_IN,Hole5NP,-1,null
523721.751,PROGRAMMATIC,Hole5Event,-1,null
523741.742,DIGITAL_IN,Hole5NP,0,null
524081.588,DIGITAL_IN,ChoiceWallIR,0,null
524117.571,DIGITAL_IN,ChoiceWallIR,-1,null
524189.539,DIGITAL_IN,ChoiceWallIR,0,null
524277.499,DIGITAL_IN,TrayWallIR,-1,null
524921.751,PROGRAMMATIC,FeederTimerEvent,-1,null
524921.751,ALWAYS,ITI,-1,null
544921.751,PROGRAMMATIC,ITITimerEvent,-1,null
549290.171,DIGITAL_IN,TrayWallIR,0,null
549326.154,DIGITAL_IN,TrayWallIR,-1,null
549350.143,DIGITAL_IN,TrayWallIR,0,null
549386.127,DIGITAL_IN,TrayWallIR,-1,null
549410.116,DIGITAL_IN,TrayWallIR,0,null
549458.095,DIGITAL_IN,TrayWallIR,-1,null
549474.087,DIGITAL_IN,TrayWallIR,0,null
550225.747,DIGITAL_IN,TrayWallIR,-1,null
550649.555,DIGITAL_IN,TrayWallIR,0,null
550689.537,DIGITAL_IN,TrayWallIR,-1,null
550733.517,DIGITAL_IN,TrayWallIR,0,null
550801.486,DIGITAL_IN,TrayWallIR,-1,null
552028.93,DIGITAL_IN,TrayWallIR,0,null
552108.894,DIGITAL_IN,TrayWallIR,-1,null
552192.856,DIGITAL_IN,TrayWallIR,0,null
552276.818,DIGITAL_IN,ChoiceWallIR,-1,null
552920.751,PROGRAMMATIC,RandITITimerEvent,-1,null
552920.751,PROGRAMMATIC,FIEvent,-1,null
553308.351,DIGITAL_IN,ChoiceWallIR,0,null
553420.3,DIGITAL_IN,ChoiceWallIR,-1,null
553584.226,DIGITAL_IN,ChoiceWallIR,0,null
553688.179,DIGITAL_IN,ChoiceWallIR,-1,null
554660.738,DIGITAL_IN,ChoiceWallIR,0,null
554876.64,DIGITAL_IN,ChoiceWallIR,-1,null
554896.631,DIGITAL_IN,ChoiceWallIR,0,null
555052.561,DIGITAL_IN,ChoiceWallIR,-1,null
555444.383,DIGITAL_IN,Hole5NP,-1,null
555476.369,DIGITAL_IN,Hole5NP,0,null
555524.347,DIGITAL_IN,Hole5NP,-1,null
555764.238,DIGITAL_IN,Hole5NP,0,null
555820.213,DIGITAL_IN,Hole5NP,-1,null
555852.198,DIGITAL_IN,Hole5NP,0,null
556935.708,DIGITAL_IN,ChoiceWallIR,0,null
556951.701,DIGITAL_IN,ChoiceWallIR,-1,null
557339.525,DIGITAL_IN,ChoiceWallIR,0,null
557595.409,DIGITAL_IN,Hole5NP,-1,null
557619.398,DIGITAL_IN,Hole5NP,0,null
557635.394,DIGITAL_IN,Hole5NP,-1,null
557647.385,DIGITAL_IN,ChoiceWallIR,-1,null
557655.382,DIGITAL_IN,Hole5NP,0,null
557663.378,DIGITAL_IN,ChoiceWallIR,0,null
557671.375,DIGITAL_IN,Hole5NP,-1,null
557703.36,DIGITAL_IN,Hole5NP,0,null
557723.351,DIGITAL_IN,ChoiceWallIR,-1,null
558039.208,DIGITAL_IN,Hole5NP,-1,null
558055.201,DIGITAL_IN,Hole5NP,0,null
559578.511,DIGITAL_IN,ChoiceWallIR,0,null
559586.507,DIGITAL_IN,ChoiceWallIR,-1,null
561006.864,DIGITAL_IN,ChoiceWallIR,0,null
561098.822,DIGITAL_IN,Hole5NP,-1,null
561222.766,DIGITAL_IN,Hole5NP,0,null
561286.737,DIGITAL_IN,ChoiceWallIR,-1,null
561526.629,DIGITAL_IN,Hole5NP,-1,null
561670.563,DIGITAL_IN,Hole5NP,0,null
562878.016,DIGITAL_IN,Hole5NP,-1,null
562906.004,DIGITAL_IN,Hole5NP,0,null
562945.986,DIGITAL_IN,Hole5NP,-1,null
563013.955,DIGITAL_IN,Hole5NP,0,null
563801.598,DIGITAL_IN,Hole5NP,-1,null
563825.587,DIGITAL_IN,Hole5NP,0,null
564277.383,DIGITAL_IN,Hole5NP,-1,null
564297.374,DIGITAL_IN,Hole5NP,0,null
564589.241,DIGITAL_IN,Hole5NP,-1,null
564653.212,DIGITAL_IN,Hole5NP,0,null
566348.445,DIGITAL_IN,Hole5NP,-1,null
566364.437,DIGITAL_IN,Hole5NP,0,null
567233.044,DIGITAL_IN,Hole5NP,-1,null
567249.037,DIGITAL_IN,Hole5NP,0,null
567920.751,PROGRAMMATIC,FITimerEvent,-1,null
568696.381,DIGITAL_IN,Hole5NP,-1,null
568696.381,PROGRAMMATIC,Hole5Event,-1,null
568724.369,DIGITAL_IN,Hole5NP,0,null
569136.182,DIGITAL_IN,ChoiceWallIR,0,null
569272.12,DIGITAL_IN,TrayWallIR,-1,null
569896.381,PROGRAMMATIC,FeederTimerEvent,-1,null
569896.381,ALWAYS,ITI,-1,null
589896.381,PROGRAMMATIC,ITITimerEvent,-1,null
592856.439,DIGITAL_IN,TrayWallIR,0,null
593944.381,PROGRAMMATIC,RandITITimerEvent,-1,null
593944.381,PROGRAMMATIC,FIEvent,-1,null
594348.763,DIGITAL_IN,TrayWallIR,-1,null
596087.975,DIGITAL_IN,TrayWallIR,0,null
596335.863,DIGITAL_IN,ChoiceWallIR,-1,null
596583.751,DIGITAL_IN,ChoiceWallIR,0,null
597747.224,DIGITAL_IN,ChoiceWallIR,-1,null
597879.164,DIGITAL_IN,ChoiceWallIR,0,null
598402.927,DIGITAL_IN,Hole5NP,-1,null
598458.902,DIGITAL_IN,Hole5NP,0,null
599558.403,DIGITAL_IN,ChoiceWallIR,-1,null
599562.403,DIGITAL_IN,ChoiceWallIR,0,null
599774.306,DIGITAL_IN,ChoiceWallIR,-1,null
600379.032,DIGITAL_IN,ChoiceWallIR,0,null
600379.032,DIGITAL_IN,Hole5NP,-1,null
600419.014,DIGITAL_IN,Hole5NP,0,null
600558.95,DIGITAL_IN,ChoiceWallIR,-1,null
600670.9,DIGITAL_IN,ChoiceWallIR,0,null
600722.876,DIGITAL_IN,Hole5NP,-1,null
600730.872,DIGITAL_IN,Hole5NP,0,null
600782.849,DIGITAL_IN,ChoiceWallIR,-1,null
600798.842,DIGITAL_IN,ChoiceWallIR,0,null
600830.827,DIGITAL_IN,ChoiceWallIR,-1,null
601034.735,DIGITAL_IN,Hole5NP,-1,null
601054.726,DIGITAL_IN,ChoiceWallIR,0,null
601070.719,DIGITAL_IN,Hole5NP,0,null
601086.712,DIGITAL_IN,ChoiceWallIR,-1,null
601802.387,DIGITAL_IN,Hole5NP,-1,null
601842.369,DIGITAL_IN,Hole5NP,0,null
602262.179,DIGITAL_IN,Hole5NP,-1,null
602266.178,DIGITAL_IN,ChoiceWallIR,0,null
602342.143,DIGITAL_IN,Hole5NP,0,null
602454.092,DIGITAL_IN,ChoiceWallIR,-1,null
603233.739,DIGITAL_IN,ChoiceWallIR,0,null
603249.732,DIGITAL_IN,ChoiceWallIR,-1,null
603289.714,DIGITAL_IN,Hole5NP,-1,null
603317.701,DIGITAL_IN,Hole5NP,0,null
603553.594,DIGITAL_IN,Hole5NP,-1,null
603565.589,DIGITAL_IN,Hole5NP,0,null
603581.581,DIGITAL_IN,Hole5NP,-1,null
603605.57,DIGITAL_IN,Hole5NP,0,null
604968.953,DIGITAL_IN,Hole5NP,-1,null
605024.928,DIGITAL_IN,Hole5NP,0,null
606805.121,DIGITAL_IN,Hole5NP,-1,null
606849.101,DIGITAL_IN,Hole5NP,0,null
607804.669,DIGITAL_IN,Hole5NP,-1,null
607848.649,DIGITAL_IN,Hole5NP,0,null
608076.546,DIGITAL_IN,ChoiceWallIR,0,null
608096.536,DIGITAL_IN,ChoiceWallIR,-1,null
608944.381,PROGRAMMATIC,FITimerEvent,-1,null
609719.801,DIGITAL_IN,Hole5NP,-1,null
609719.801,PROGRAMMATIC,Hole5Event,-1,null
609747.789,DIGITAL_IN,Hole5NP,0,null
610103.627,DIGITAL_IN,ChoiceWallIR,0,null
610131.615,DIGITAL_IN,ChoiceWallIR,-1,null
610235.568,DIGITAL_IN,ChoiceWallIR,0,null
610339.521,DIGITAL_IN,TrayWallIR,-1,null
610919.801,PROGRAMMATIC,FeederTimerEvent,-1,null
610919.801,ALWAYS,ITI,-1,null
630657.318,DIGITAL_IN,TrayWallIR,0,null
630753.275,DIGITAL_IN,TrayWallIR,-1,null
630761.271,DIGITAL_IN,TrayWallIR,0,null
630781.262,DIGITAL_IN,TrayWallIR,-1,null
630805.251,DIGITAL_IN,TrayWallIR,0,null
630829.241,DIGITAL_IN,TrayWallIR,-1,null
630849.232,DIGITAL_IN,TrayWallIR,0,null
630877.219,DIGITAL_IN,TrayWallIR,-1,null
630901.208,DIGITAL_IN,TrayWallIR,0,null
630913.203,DIGITAL_IN,TrayWallIR,-1,null
630919.801,PROGRAMMATIC,ITITimerEvent,-1,null
630933.194,DIGITAL_IN,TrayWallIR,0,null
630945.188,DIGITAL_IN,TrayWallIR,-1,null
630989.168,DIGITAL_IN,TrayWallIR,0,null
630997.165,DIGITAL_IN,TrayWallIR,-1,null
631045.143,DIGITAL_IN,TrayWallIR,0,null
631053.139,DIGITAL_IN,TrayWallIR,-1,null
631293.031,DIGITAL_IN,TrayWallIR,0,null
631297.029,DIGITAL_IN,TrayWallIR,-1,null
632144.645,DIGITAL_IN,TrayWallIR,0,null
632148.645,DIGITAL_IN,TrayWallIR,-1,null
633756.915,DIGITAL_IN,TrayWallIR,0,null
635120.297,DIGITAL_IN,TrayWallIR,-1,null
635372.183,DIGITAL_IN,TrayWallIR,0,null
636950.801,PROGRAMMATIC,RandITITimerEvent,-1,null
636950.801,PROGRAMMATIC,PIEvent,-1,null
641926.215,DIGITAL_IN,TrayWallIR,-1,null
643261.61,DIGITAL_IN,TrayWallIR,0,null
643697.412,DIGITAL_IN,TrayWallIR,-1,null
644037.259,DIGITAL_IN,TrayWallIR,0,null
644101.23,DIGITAL_IN,TrayWallIR,-1,null
644253.161,DIGITAL_IN,TrayWallIR,0,null
644561.021,DIGITAL_IN,TrayWallIR,-1,null
644944.847,DIGITAL_IN,ChoiceWallIR,-1,null
644964.838,DIGITAL_IN,TrayWallIR,0,null
645601.55,DIGITAL_IN,ChoiceWallIR,0,null
645661.523,DIGITAL_IN,ChoiceWallIR,-1,null
649607.736,DIGITAL_IN,Hole5NP,-1,null
649635.723,DIGITAL_IN,Hole5NP,0,null
651494.881,DIGITAL_IN,Hole5NP,-1,null
651518.87,DIGITAL_IN,Hole5NP,0,null
654610.47,DIGITAL_IN,Hole5NP,-1,null
654810.379,DIGITAL_IN,Hole5NP,0,null
654958.312,DIGITAL_IN,Hole5NP,-1,null
655114.242,DIGITAL_IN,Hole5NP,0,null
655258.176,DIGITAL_IN,Hole5NP,-1,null
655326.146,DIGITAL_IN,Hole5NP,0,null
655685.983,DIGITAL_IN,Hole5NP,-1,null
655837.914,DIGITAL_IN,Hole5NP,0,null
656493.617,DIGITAL_IN,Hole5NP,-1,null
656537.597,DIGITAL_IN,Hole5NP,0,null
657113.336,DIGITAL_IN,Hole5NP,-1,null
657285.259,DIGITAL_IN,Hole5NP,0,null
657709.066,DIGITAL_IN,Hole6NP,-1,null
657725.06,DIGITAL_IN,Hole6NP,0,null
658100.889,DIGITAL_IN,Hole5NP,-1,null
658180.853,DIGITAL_IN,Hole5NP,0,null
658552.684,DIGITAL_IN,Hole5NP,-1,null
658560.681,DIGITAL_IN,Hole5NP,0,null
658580.672,DIGITAL_IN,Hole5NP,-1,null
658661.635,DIGITAL_IN,Hole5NP,0,null
659457.275,DIGITAL_IN,Hole5NP,-1,null
659505.253,DIGITAL_IN,Hole5NP,0,null
659645.19,DIGITAL_IN,Hole5NP,-1,null
659745.145,DIGITAL_IN,Hole5NP,0,null
659753.141,DIGITAL_IN,ChoiceWallIR,0,null
659809.115,DIGITAL_IN,ChoiceWallIR,-1,null
661080.54,DIGITAL_IN,Hole5NP,-1,null
661136.514,DIGITAL_IN,Hole5NP,0,null
661564.32,DIGITAL_IN,Hole6NP,-1,null
661608.3,DIGITAL_IN,Hole6NP,0,null
661852.19,DIGITAL_IN,ChoiceWallIR,0,null
661856.189,DIGITAL_IN,Hole6NP,-1,null
661908.165,DIGITAL_IN,Hole6NP,0,null
662060.096,DIGITAL_IN,ChoiceWallIR,-1,null
662427.929,DIGITAL_IN,Hole5NP,-1,null
662455.917,DIGITAL_IN,ChoiceWallIR,0,null
662495.898,DIGITAL_IN,Hole5NP,0,null
662503.895,DIGITAL_IN,ChoiceWallIR,-1,null
662867.73,DIGITAL_IN,ChoiceWallIR,0,null
662879.725,DIGITAL_IN,Hole6NP,-1,null
662951.692,DIGITAL_IN,Hole6NP,0,null
663039.652,DIGITAL_IN,Hole6NP,-1,null
663107.621,DIGITAL_IN,Hole6NP,0,null
663111.62,DIGITAL_IN,ChoiceWallIR,-1,null
663379.498,DIGITAL_IN,Hole5NP,-1,null
663427.476,DIGITAL_IN,Hole5NP,0,null
663551.42,DIGITAL_IN,Hole5NP,-1,null
663563.415,DIGITAL_IN,Hole5NP,0,null
663591.402,DIGITAL_IN,Hole5NP,-1,null
663679.363,DIGITAL_IN,Hole5NP,0,null
664007.214,DIGITAL_IN,Hole5NP,-1,null
664075.183,DIGITAL_IN,Hole5NP,0,null
665094.722,DIGITAL_IN,ChoiceWallIR,0,null
665154.694,DIGITAL_IN,ChoiceWallIR,-1,null
665259.647,DIGITAL_IN,ChoiceWallIR,0,null
665575.504,DIGITAL_IN,ChoiceWallIR,-1,null
665583.5,DIGITAL_IN,ChoiceWallIR,0,null
665635.476,DIGITAL_IN,ChoiceWallIR,-1,null
665947.335,DIGITAL_IN,ChoiceWallIR,0,null
666007.308,DIGITAL_IN,ChoiceWallIR,-1,null
667430.663,DIGITAL_IN,ChoiceWallIR,0,null
667502.631,DIGITAL_IN,ChoiceWallIR,-1,null
667510.627,DIGITAL_IN,ChoiceWallIR,0,null
668158.334,DIGITAL_IN,ChoiceWallIR,-1,null
668166.33,DIGITAL_IN,ChoiceWallIR,0,null
668258.289,DIGITAL_IN,ChoiceWallIR,-1,null
669577.691,DIGITAL_IN,ChoiceWallIR,0,null
670049.477,DIGITAL_IN,TrayWallIR,-1,null
670925.081,DIGITAL_IN,TrayWallIR,0,null
671200.956,DIGITAL_IN,TrayWallIR,-1,null
671220.947,DIGITAL_IN,TrayWallIR,0,null
673137.079,DIGITAL_IN,ChoiceWallIR,-1,null
673404.958,DIGITAL_IN,ChoiceWallIR,0,null
673432.945,DIGITAL_IN,ChoiceWallIR,-1,null
674160.615,DIGITAL_IN,ChoiceWallIR,0,null
677471.116,DIGITAL_IN,ChoiceWallIR,-1,null
678339.723,DIGITAL_IN,Hole5NP,-1,null
678691.563,DIGITAL_IN,Hole5NP,0,null
678903.467,DIGITAL_IN,ChoiceWallIR,0,null
679247.312,DIGITAL_IN,ChoiceWallIR,-1,null
681950.801,PROGRAMMATIC,PITimerEvent,-1,null
681950.801,ALWAYS,ITI,-1,null
684077.124,DIGITAL_IN,ChoiceWallIR,0,null
684905.749,DIGITAL_IN,ChoiceWallIR,-1,null
686716.928,DIGITAL_IN,ChoiceWallIR,0,null
686864.861,DIGITAL_IN,ChoiceWallIR,-1,null
687120.746,DIGITAL_IN,Hole4NP,-1,null
687136.738,DIGITAL_IN,Hole4NP,0,null
688012.342,DIGITAL_IN,Hole4NP,-1,null
688076.313,DIGITAL_IN,Hole4NP,0,null
691531.748,DIGITAL_IN,ChoiceWallIR,0,null
691655.692,DIGITAL_IN,TrayWallIR,-1,null
694978.187,DIGITAL_IN,TrayWallIR,0,null
695274.053,DIGITAL_IN,TrayWallIR,-1,null
695433.98,DIGITAL_IN,TrayWallIR,0,null
695669.874,DIGITAL_IN,TrayWallIR,-1,null
695749.837,DIGITAL_IN,TrayWallIR,0,null
695853.79,DIGITAL_IN,TrayWallIR,-1,null
700532.671,DIGITAL_IN,TrayWallIR,0,null
700540.668,DIGITAL_IN,TrayWallIR,-1,null
701192.372,DIGITAL_IN,TrayWallIR,0,null
701950.801,PROGRAMMATIC,ITITimerEvent,-1,null
701980.016,DIGITAL_IN,TrayWallIR,-1,null
702075.972,DIGITAL_IN,TrayWallIR,0,null
702263.801,PROGRAMMATIC,RandITITimerEvent,-1,null
702263.801,PROGRAMMATIC,FIEvent,-1,null
702527.768,DIGITAL_IN,TrayWallIR,-1,null
704047.079,DIGITAL_IN,TrayWallIR,0,null
704527.862,DIGITAL_IN,ChoiceWallIR,-1,null
704531.861,DIGITAL_IN,ChoiceWallIR,0,null
704671.797,DIGITAL_IN,ChoiceWallIR,-1,null
704675.796,DIGITAL_IN,ChoiceWallIR,0,null
704727.771,DIGITAL_IN,Hole5NP,-1,null
704799.739,DIGITAL_IN,Hole5NP,0,null
705327.5,DIGITAL_IN,Hole5NP,-1,null
705359.485,DIGITAL_IN,Hole5NP,0,null
705635.36,DIGITAL_IN,ChoiceWallIR,-1,null
705671.344,DIGITAL_IN,ChoiceWallIR,0,null
705807.282,DIGITAL_IN,Hole5NP,-1,null
705823.275,DIGITAL_IN,Hole5NP,0,null
705911.235,DIGITAL_IN,ChoiceWallIR,-1,null
706351.036,DIGITAL_IN,ChoiceWallIR,0,null
706355.035,DIGITAL_IN,TrayWallIR,-1,null
706395.016,DIGITAL_IN,ChoiceWallIR,-1,null
706674.889,DIGITAL_IN,TrayWallIR,0,null
706826.821,DIGITAL_IN,Hole5NP,-1,null
706842.813,DIGITAL_IN,Hole5NP,0,null
706942.768,DIGITAL_IN,ChoiceWallIR,0,null
707106.694,DIGITAL_IN,ChoiceWallIR,-1,null
707314.6,DIGITAL_IN,ChoiceWallIR,0,null
707322.596,DIGITAL_IN,Hole5NP,-1,null
707366.576,DIGITAL_IN,Hole5NP,0,null
707466.531,DIGITAL_IN,ChoiceWallIR,-1,null
707502.514,DIGITAL_IN,ChoiceWallIR,0,null
707658.444,DIGITAL_IN,ChoiceWallIR,-1,null
707986.295,DIGITAL_IN,Hole5NP,-1,null
708006.286,DIGITAL_IN,Hole5NP,0,null
708602.016,DIGITAL_IN,ChoiceWallIR,0,null
708797.928,DIGITAL_IN,Hole5NP,-1,null
708869.898,DIGITAL_IN,Hole5NP,0,null
708981.844,DIGITAL_IN,ChoiceWallIR,-1,null
709145.77,DIGITAL_IN,ChoiceWallIR,0,null
709185.752,DIGITAL_IN,Hole5NP,-1,null
709205.743,DIGITAL_IN,Hole5NP,0,null
709229.732,DIGITAL_IN,Hole5NP,-1,null
709277.71,DIGITAL_IN,Hole5NP,0,null
709669.533,DIGITAL_IN,ChoiceWallIR,-1,null
709705.517,DIGITAL_IN,ChoiceWallIR,0,null
709817.466,DIGITAL_IN,ChoiceWallIR,-1,null
710009.379,DIGITAL_IN,ChoiceWallIR,0,null
710269.261,DIGITAL_IN,ChoiceWallIR,-1,null
710273.26,DIGITAL_IN,ChoiceWallIR,0,null
710297.249,DIGITAL_IN,ChoiceWallIR,-1,null
710317.24,DIGITAL_IN,Hole5NP,-1,null
710497.158,DIGITAL_IN,Hole5NP,0,null
710553.133,DIGITAL_IN,ChoiceWallIR,0,null
710577.122,DIGITAL_IN,ChoiceWallIR,-1,null
710929.962,DIGITAL_IN,Hole5NP,-1,null
710937.958,DIGITAL_IN,ChoiceWallIR,0,null
710965.946,DIGITAL_IN,Hole5NP,0,null
710973.942,DIGITAL_IN,ChoiceWallIR,-1,null
710993.933,DIGITAL_IN,ChoiceWallIR,0,null
711029.917,DIGITAL_IN,ChoiceWallIR,-1,null
711273.807,DIGITAL_IN,Hole5NP,-1,null
711361.767,DIGITAL_IN,Hole5NP,0,null
711733.598,DIGITAL_IN,ChoiceWallIR,0,null
711869.537,DIGITAL_IN,ChoiceWallIR,-1,null
712149.41,DIGITAL_IN,Hole5NP,-1,null
712229.374,DIGITAL_IN,Hole5NP,0,null
712425.285,DIGITAL_IN,Hole5NP,-1,null
712481.259,DIGITAL_IN,Hole5NP,0,null
712489.256,DIGITAL_IN,ChoiceWallIR,0,null
712513.245,DIGITAL_IN,ChoiceWallIR,-1,null
712925.059,DIGITAL_IN,Hole5NP,-1,null
712961.042,DIGITAL_IN,Hole5NP,0,null
712989.03,DIGITAL_IN,Hole5NP,-1,null
713013.019,DIGITAL_IN,Hole5NP,0,null
713596.754,DIGITAL_IN,Hole5NP,-1,null
713656.727,DIGITAL_IN,Hole5NP,0,null
714036.555,DIGITAL_IN,Hole5NP,-1,null
714080.535,DIGITAL_IN,Hole5NP,0,null
714636.283,DIGITAL_IN,Hole6NP,-1,null
714648.278,DIGITAL_IN,ChoiceWallIR,0,null
714664.271,DIGITAL_IN,Hole6NP,0,null
714668.27,DIGITAL_IN,ChoiceWallIR,-1,null
715252.005,DIGITAL_IN,Hole5NP,-1,null
715411.932,DIGITAL_IN,Hole5NP,0,null
715451.914,DIGITAL_IN,Hole5NP,-1,null
715459.91,DIGITAL_IN,Hole5NP,0,null
717179.132,DIGITAL_IN,Hole5NP,-1,null
717207.119,DIGITAL_IN,Hole5NP,0,null
717263.801,PROGRAMMATIC,FITimerEvent,-1,null
718791.402,DIGITAL_IN,Hole5NP,-1,null
718791.402,PROGRAMMATIC,Hole5Event,-1,null
718815.391,DIGITAL_IN,Hole5NP,0,null
719075.273,DIGITAL_IN,ChoiceWallIR,0,null
719135.246,DIGITAL_IN,ChoiceWallIR,-1,null
719271.185,DIGITAL_IN,ChoiceWallIR,0,null
719351.148,DIGITAL_IN,ChoiceWallIR,-1,null
719367.141,DIGITAL_IN,TrayWallIR,-1,null
719411.121,DIGITAL_IN,ChoiceWallIR,0,null
719991.402,PROGRAMMATIC,FeederTimerEvent,-1,null
719991.402,ALWAYS,ITI,-1,null
739991.402,PROGRAMMATIC,ITITimerEvent,-1,null
742171.813,DIGITAL_IN,TrayWallIR,0,null
748042.154,DIGITAL_IN,TrayWallIR,-1,null
748190.087,DIGITAL_IN,TrayWallIR,0,null
748354.012,DIGITAL_IN,TrayWallIR,-1,null
748813.402,PROGRAMMATIC,RandITITimerEvent,-1,null
748813.402,PROGRAMMATIC,PIEvent,-1,null
750566.011,DIGITAL_IN,TrayWallIR,0,null
750893.862,DIGITAL_IN,TrayWallIR,-1,null
773634.563,DIGITAL_IN,TrayWallIR,0,null
773790.492,DIGITAL_IN,TrayWallIR,-1,null
773806.485,DIGITAL_IN,TrayWallIR,0,null
774206.304,DIGITAL_IN,TrayWallIR,-1,null
776510.26,DIGITAL_IN,TrayWallIR,0,null
776746.154,DIGITAL_IN,ChoiceWallIR,-1,null
776766.144,DIGITAL_IN,ChoiceWallIR,0,null
776802.128,DIGITAL_IN,ChoiceWallIR,-1,null
776998.039,DIGITAL_IN,ChoiceWallIR,0,null
777329.889,DIGITAL_IN,Hole5NP,-1,null
777365.873,DIGITAL_IN,ChoiceWallIR,-1,null
777373.869,DIGITAL_IN,ChoiceWallIR,0,null
777377.868,DIGITAL_IN,Hole5NP,0,null
777389.862,DIGITAL_IN,ChoiceWallIR,-1,null
777553.788,DIGITAL_IN,ChoiceWallIR,0,null
777589.771,DIGITAL_IN,ChoiceWallIR,-1,null
777633.751,DIGITAL_IN,ChoiceWallIR,0,null
777677.731,DIGITAL_IN,ChoiceWallIR,-1,null
777693.724,DIGITAL_IN,Hole5NP,-1,null
777761.693,DIGITAL_IN,Hole5NP,0,null
777961.603,DIGITAL_IN,ChoiceWallIR,0,null
778013.579,DIGITAL_IN,ChoiceWallIR,-1,null
778265.465,DIGITAL_IN,ChoiceWallIR,0,null
778309.445,DIGITAL_IN,Hole5NP,-1,null
778413.398,DIGITAL_IN,ChoiceWallIR,-1,null
778429.391,DIGITAL_IN,Hole5NP,0,null
779300.996,DIGITAL_IN,ChoiceWallIR,0,null
779388.956,DIGITAL_IN,Hole5NP,-1,null
779424.94,DIGITAL_IN,Hole5NP,0,null
779452.927,DIGITAL_IN,ChoiceWallIR,-1,null
779600.86,DIGITAL_IN,ChoiceWallIR,0,null
779624.849,DIGITAL_IN,ChoiceWallIR,-1,null
779828.757,DIGITAL_IN,ChoiceWallIR,0,null
779920.715,DIGITAL_IN,Hole5NP,-1,null
779948.703,DIGITAL_IN,Hole5NP,0,null
779960.697,DIGITAL_IN,ChoiceWallIR,-1,null
779980.691,DIGITAL_IN,ChoiceWallIR,0,null
780072.647,DIGITAL_IN,ChoiceWallIR,-1,null
780876.283,DIGITAL_IN,Hole5NP,-1,null
780940.254,DIGITAL_IN,Hole5NP,0,null
782824.4,DIGITAL_IN,Hole5NP,-1,null
782884.373,DIGITAL_IN,Hole5NP,0,null
783795.96,DIGITAL_IN,Hole5NP,-1,null
783967.882,DIGITAL_IN,Hole5NP,0,null
783975.879,DIGITAL_IN,Hole5NP,-1,null
784007.864,DIGITAL_IN,Hole5NP,0,null
784815.499,DIGITAL_IN,Hole5NP,-1,null
784835.489,DIGITAL_IN,Hole5NP,0,null
784859.479,DIGITAL_IN,Hole5NP,-1,null
784911.455,DIGITAL_IN,Hole5NP,0,null
785815.046,DIGITAL_IN,Hole5NP,-1,null
785823.042,DIGITAL_IN,Hole5NP,0,null
785843.033,DIGITAL_IN,ChoiceWallIR,0,null
785867.022,DIGITAL_IN,ChoiceWallIR,-1,null
786402.78,DIGITAL_IN,ChoiceWallIR,0,null
786494.738,DIGITAL_IN,ChoiceWallIR,-1,null
786946.534,DIGITAL_IN,Hole5NP,-1,null
786982.517,DIGITAL_IN,Hole5NP,0,null
787538.265,DIGITAL_IN,Hole6NP,-1,null
787566.253,DIGITAL_IN,Hole6NP,0,null
788106.008,DIGITAL_IN,Hole5NP,-1,null
788129.997,DIGITAL_IN,Hole5NP,0,null
788333.905,DIGITAL_IN,Hole5NP,-1,null
788477.84,DIGITAL_IN,Hole5NP,0,null
788797.695,DIGITAL_IN,Hole6NP,-1,null
788821.684,DIGITAL_IN,Hole6NP,0,null
788837.677,DIGITAL_IN,ChoiceWallIR,0,null
788857.668,DIGITAL_IN,Hole6NP,-1,null
788885.655,DIGITAL_IN,Hole6NP,0,null
788981.612,DIGITAL_IN,ChoiceWallIR,-1,null
789093.561,DIGITAL_IN,ChoiceWallIR,0,null
789217.505,DIGITAL_IN,ChoiceWallIR,-1,null
789846.22,DIGITAL_IN,Hole5NP,-1,null
789898.197,DIGITAL_IN,Hole5NP,0,null
791157.626,DIGITAL_IN,Hole5NP,-1,null
791185.613,DIGITAL_IN,Hole5NP,0,null
791745.36,DIGITAL_IN,ChoiceWallIR,0,null
791745.36,DIGITAL_IN,Hole6NP,-1,null
791765.351,DIGITAL_IN,ChoiceWallIR,-1,null
791789.34,DIGITAL_IN,Hole6NP,0,null
792221.144,DIGITAL_IN,Hole5NP,-1,null
792409.059,DIGITAL_IN,Hole5NP,0,null
792728.914,DIGITAL_IN,Hole6NP,-1,null
792788.887,DIGITAL_IN,Hole6NP,0,null
793336.639,DIGITAL_IN,ChoiceWallIR,0,null
793813.402,PROGRAMMATIC,PITimerEvent,-1,null
793813.402,ALWAYS,ITI,-1,null
793984.346,DIGITAL_IN,ChoiceWallIR,-1,null
793992.342,DIGITAL_IN,ChoiceWallIR,0,null
794048.317,DIGITAL_IN,ChoiceWallIR,-1,null
794584.074,DIGITAL_IN,Hole4NP,-1,null
794632.052,DIGITAL_IN,Hole4NP,0,null
795211.79,DIGITAL_IN,ChoiceWallIR,0,null
795515.652,DIGITAL_IN,Hole5NP,-1,null
795571.627,DIGITAL_IN,Hole5NP,0,null
795655.589,DIGITAL_IN,ChoiceWallIR,-1,null
796000.433,DIGITAL_IN,ChoiceWallIR,0,null
796140.369,DIGITAL_IN,ChoiceWallIR,-1,null
796236.326,DIGITAL_IN,ChoiceWallIR,0,null
796276.308,DIGITAL_IN,ChoiceWallIR,-1,null
796328.284,DIGITAL_IN,ChoiceWallIR,0,null
796408.248,DIGITAL_IN,TrayWallIR,-1,null
798855.14,DIGITAL_IN,TrayWallIR,0,null
799858.685,DIGITAL_IN,TrayWallIR,-1,null
799974.633,DIGITAL_IN,TrayWallIR,0,null
801230.064,DIGITAL_IN,TrayWallIR,-1,null
801601.896,DIGITAL_IN,TrayWallIR,0,null
802001.715,DIGITAL_IN,TrayWallIR,-1,null
803450.059,DIGITAL_IN,TrayWallIR,0,null
806604.63,DIGITAL_IN,TrayWallIR,-1,null
806632.618,DIGITAL_IN,TrayWallIR,0,null
808167.922,DIGITAL_IN,ChoiceWallIR,-1,null
808839.618,DIGITAL_IN,ChoiceWallIR,0,null
808984.552,DIGITAL_IN,ChoiceWallIR,-1,null
809172.467,DIGITAL_IN,ChoiceWallIR,0,null
809316.402,DIGITAL_IN,ChoiceWallIR,-1,null
809428.351,DIGITAL_IN,ChoiceWallIR,0,null
809496.32,DIGITAL_IN,ChoiceWallIR,-1,null
812706.866,DIGITAL_IN,ChoiceWallIR,0,null
813813.402,PROGRAMMATIC,ITITimerEvent,-1,null
814082.243,DIGITAL_IN,ChoiceWallIR,-1,null
814094.238,DIGITAL_IN,ChoiceWallIR,0,null
814258.164,DIGITAL_IN,ChoiceWallIR,-1,null
814298.146,DIGITAL_IN,ChoiceWallIR,0,null
814358.118,DIGITAL_IN,ChoiceWallIR,-1,null
814961.845,DIGITAL_IN,ChoiceWallIR,0,null
815113.776,DIGITAL_IN,ChoiceWallIR,-1,null
816362.211,DIGITAL_IN,ChoiceWallIR,0,null
816386.2,DIGITAL_IN,ChoiceWallIR,-1,null
816402.193,DIGITAL_IN,ChoiceWallIR,0,null
816730.044,DIGITAL_IN,TrayWallIR,-1,null
817117.868,DIGITAL_IN,TrayWallIR,0,null
817269.8,DIGITAL_IN,TrayWallIR,-1,null
817457.715,DIGITAL_IN,TrayWallIR,0,null
817465.711,DIGITAL_IN,TrayWallIR,-1,null
817489.7,DIGITAL_IN,TrayWallIR,0,null
817501.695,DIGITAL_IN,TrayWallIR,-1,null
817525.684,DIGITAL_IN,TrayWallIR,0,null
820388.387,DIGITAL_IN,TrayWallIR,-1,null
822456.451,DIGITAL_IN,TrayWallIR,0,null
823012.199,DIGITAL_IN,ChoiceWallIR,-1,null
823179.402,PROGRAMMATIC,RandITITimerEvent,-1,null
823179.402,PROGRAMMATIC,FIEvent,-1,null
823340.05,DIGITAL_IN,ChoiceWallIR,0,null
823388.029,DIGITAL_IN,ChoiceWallIR,-1,null
824207.657,DIGITAL_IN,ChoiceWallIR,0,null
827458.185,DIGITAL_IN,ChoiceWallIR,-1,null
829662.187,DIGITAL_IN,ChoiceWallIR,0,null
829666.187,DIGITAL_IN,ChoiceWallIR,-1,null
830277.908,DIGITAL_IN,Hole4NP,-1,null
830377.863,DIGITAL_IN,Hole4NP,0,null
830717.709,DIGITAL_IN,Hole5NP,-1,null
830765.687,DIGITAL_IN,Hole5NP,0,null
832021.119,DIGITAL_IN,Hole5NP,-1,null
832165.053,DIGITAL_IN,Hole5NP,0,null
833160.603,DIGITAL_IN,ChoiceWallIR,0,null
833184.592,DIGITAL_IN,ChoiceWallIR,-1,null
833200.584,DIGITAL_IN,ChoiceWallIR,0,null
833212.579,DIGITAL_IN,ChoiceWallIR,-1,null
833704.356,DIGITAL_IN,Hole5NP,-1,null
833932.253,DIGITAL_IN,Hole5NP,0,null
835116.717,DIGITAL_IN,Hole5NP,-1,null
835128.711,DIGITAL_IN,Hole5NP,0,null
835144.704,DIGITAL_IN,Hole5NP,-1,null
835168.693,DIGITAL_IN,Hole5NP,0,null
835512.537,DIGITAL_IN,Hole5NP,-1,null
835644.478,DIGITAL_IN,Hole5NP,0,null
836432.121,DIGITAL_IN,Hole5NP,-1,null
836500.09,DIGITAL_IN,Hole5NP,0,null
837103.817,DIGITAL_IN,ChoiceWallIR,0,null
837195.775,DIGITAL_IN,ChoiceWallIR,-1,null
837607.588,DIGITAL_IN,Hole5NP,-1,null
837663.563,DIGITAL_IN,Hole5NP,0,null
837807.498,DIGITAL_IN,Hole5NP,-1,null
837891.46,DIGITAL_IN,Hole5NP,0,null
838179.402,PROGRAMMATIC,FITimerEvent,-1,null
838215.313,DIGITAL_IN,Hole5NP,-1,null
838215.313,PROGRAMMATIC,Hole5Event,-1,null
838243.3,DIGITAL_IN,Hole5NP,0,null
838563.156,DIGITAL_IN,ChoiceWallIR,0,null
838615.132,DIGITAL_IN,ChoiceWallIR,-1,null
838635.123,DIGITAL_IN,ChoiceWallIR,0,null
838771.061,DIGITAL_IN,TrayWallIR,-1,null
838787.054,DIGITAL_IN,ChoiceWallIR,-1,null
838823.038,DIGITAL_IN,ChoiceWallIR,0,null
839415.313,PROGRAMMATIC,FeederTimerEvent,-1,null
839415.313,ALWAYS,ITI,-1,null
859415.313,PROGRAMMATIC,ITITimerEvent,-1,null
863024.077,DIGITAL_IN,TrayWallIR,0,null
863180.006,DIGITAL_IN,TrayWallIR,-1,null
863231.983,DIGITAL_IN,TrayWallIR,0,null
863391.91,DIGITAL_IN,TrayWallIR,-1,null
863423.896,DIGITAL_IN,TrayWallIR,0,null
863479.871,DIGITAL_IN,TrayWallIR,-1,null
864583.371,DIGITAL_IN,TrayWallIR,0,null
865574.922,DIGITAL_IN,ChoiceWallIR,-1,null
866030.715,DIGITAL_IN,ChoiceWallIR,0,null
866078.694,DIGITAL_IN,ChoiceWallIR,-1,null
866202.637,DIGITAL_IN,ChoiceWallIR,0,null
868030.313,PROGRAMMATIC,RandITITimerEvent,-1,null
868030.313,PROGRAMMATIC,FIEvent,-1,null
870465.707,DIGITAL_IN,ChoiceWallIR,-1,null
870509.687,DIGITAL_IN,ChoiceWallIR,0,null
870557.665,DIGITAL_IN,ChoiceWallIR,-1,null
870661.618,DIGITAL_IN,ChoiceWallIR,0,null
870701.6,DIGITAL_IN,ChoiceWallIR,-1,null
870725.589,DIGITAL_IN,ChoiceWallIR,0,null
870817.547,DIGITAL_IN,ChoiceWallIR,-1,null
870965.48,DIGITAL_IN,ChoiceWallIR,0,null
871149.399,DIGITAL_IN,ChoiceWallIR,-1,null
871641.174,DIGITAL_IN,ChoiceWallIR,0,null
872504.783,DIGITAL_IN,ChoiceWallIR,-1,null
872904.602,DIGITAL_IN,ChoiceWallIR,0,null
873456.352,DIGITAL_IN,ChoiceWallIR,-1,null
873616.28,DIGITAL_IN,ChoiceWallIR,0,null
873952.128,DIGITAL_IN,ChoiceWallIR,-1,null
874664.805,DIGITAL_IN,ChoiceWallIR,0,null
874740.77,DIGITAL_IN,Hole5NP,-1,null
874872.711,DIGITAL_IN,Hole5NP,0,null
875276.528,DIGITAL_IN,ChoiceWallIR,-1,null
875668.35,DIGITAL_IN,ChoiceWallIR,0,null
875672.35,DIGITAL_IN,Hole5NP,-1,null
875752.312,DIGITAL_IN,Hole5NP,0,null
875768.305,DIGITAL_IN,Hole5NP,-1,null
875956.22,DIGITAL_IN,Hole5NP,0,null
876124.144,DIGITAL_IN,ChoiceWallIR,-1,null
876348.042,DIGITAL_IN,ChoiceWallIR,0,null
876471.986,DIGITAL_IN,ChoiceWallIR,-1,null
876615.921,DIGITAL_IN,ChoiceWallIR,0,null
876883.8,DIGITAL_IN,ChoiceWallIR,-1,null
877003.745,DIGITAL_IN,ChoiceWallIR,0,null
877031.733,DIGITAL_IN,ChoiceWallIR,-1,null
877527.508,DIGITAL_IN,ChoiceWallIR,0,null
877555.496,DIGITAL_IN,Hole5NP,-1,null
877691.434,DIGITAL_IN,Hole5NP,0,null
877791.389,DIGITAL_IN,Hole5NP,-1,null
877823.374,DIGITAL_IN,ChoiceWallIR,-1,null
877827.374,DIGITAL_IN,Hole5NP,0,null
877839.367,DIGITAL_IN,Hole5NP,-1,null
877879.349,DIGITAL_IN,Hole5NP,0,null
878103.248,DIGITAL_IN,Hole5NP,-1,null
878123.238,DIGITAL_IN,Hole5NP,0,null
878155.224,DIGITAL_IN,Hole5NP,-1,null
878243.184,DIGITAL_IN,Hole5NP,0,null
878459.086,DIGITAL_IN,Hole5NP,-1,null
878523.057,DIGITAL_IN,Hole5NP,0,null
878974.853,DIGITAL_IN,Hole5NP,-1,null
879026.829,DIGITAL_IN,Hole5NP,0,null
879926.422,DIGITAL_IN,ChoiceWallIR,0,null
879934.418,DIGITAL_IN,ChoiceWallIR,-1,null
879942.415,DIGITAL_IN,ChoiceWallIR,0,null
879986.395,DIGITAL_IN,ChoiceWallIR,-1,null
880166.313,DIGITAL_IN,Hole5NP,-1,null
880174.31,DIGITAL_IN,ChoiceWallIR,0,null
880210.293,DIGITAL_IN,Hole5NP,0,null
880214.292,DIGITAL_IN,ChoiceWallIR,-1,null
882038.465,DIGITAL_IN,ChoiceWallIR,0,null
882062.454,DIGITAL_IN,ChoiceWallIR,-1,null
882074.449,DIGITAL_IN,ChoiceWallIR,0,null
882082.445,DIGITAL_IN,ChoiceWallIR,-1,null
882090.442,DIGITAL_IN,ChoiceWallIR,0,null
882138.424,DIGITAL_IN,ChoiceWallIR,-1,null
882518.248,DIGITAL_IN,Hole5NP,-1,null
882574.223,DIGITAL_IN,Hole5NP,0,null
883030.313,PROGRAMMATIC,FITimerEvent,-1,null
883469.817,DIGITAL_IN,ChoiceWallIR,0,null
883493.806,DIGITAL_IN,ChoiceWallIR,-1,null
883505.801,DIGITAL_IN,Hole5NP,-1,null
883505.801,PROGRAMMATIC,Hole5Event,-1,null
883541.784,DIGITAL_IN,Hole5NP,0,null
883825.656,DIGITAL_IN,ChoiceWallIR,0,null
883917.614,DIGITAL_IN,ChoiceWallIR,-1,null
883989.582,DIGITAL_IN,ChoiceWallIR,0,null
884105.529,DIGITAL_IN,TrayWallIR,-1,null
884165.502,DIGITAL_IN,ChoiceWallIR,-1,null
884181.495,DIGITAL_IN,ChoiceWallIR,0,null
884705.801,PROGRAMMATIC,FeederTimerEvent,-1,null
884705.801,ALWAYS,ITI,-1,null
904705.801,PROGRAMMATIC,ITITimerEvent,-1,null
906858.224,DIGITAL_IN,TrayWallIR,0,null
907259.043,DIGITAL_IN,ChoiceWallIR,-1,null
907335.008,DIGITAL_IN,ChoiceWallIR,0,null
907347.003,DIGITAL_IN,TrayWallIR,-1,null
907370.992,DIGITAL_IN,TrayWallIR,0,null
907406.976,DIGITAL_IN,ChoiceWallIR,-1,null
908182.624,DIGITAL_IN,ChoiceWallIR,0,null
908358.545,DIGITAL_IN,ChoiceWallIR,-1,null
908430.801,PROGRAMMATIC,RandITITimerEvent,-1,null
908430.801,PROGRAMMATIC,FIEvent,-1,null
908818.336,DIGITAL_IN,ChoiceWallIR,0,null
909038.237,DIGITAL_IN,Hole5NP,-1,null
909110.204,DIGITAL_IN,Hole5NP,0,null
909146.188,DIGITAL_IN,ChoiceWallIR,-1,null
909282.126,DIGITAL_IN,ChoiceWallIR,0,null
909366.088,DIGITAL_IN,ChoiceWallIR,-1,null
909426.061,DIGITAL_IN,ChoiceWallIR,0,null
909857.865,DIGITAL_IN,ChoiceWallIR,-1,null
910165.726,DIGITAL_IN,ChoiceWallIR,0,null
910261.683,DIGITAL_IN,ChoiceWallIR,-1,null
910709.48,DIGITAL_IN,Hole5NP,-1,null
910793.442,DIGITAL_IN,Hole5NP,0,null
911213.252,DIGITAL_IN,Hole5NP,-1,null
911341.194,DIGITAL_IN,Hole5NP,0,null
911772.998,DIGITAL_IN,Hole5NP,-1,null
911804.984,DIGITAL_IN,Hole5NP,0,null
912396.716,DIGITAL_IN,Hole5NP,-1,null
912544.649,DIGITAL_IN,Hole5NP,0,null
912620.614,DIGITAL_IN,Hole5NP,-1,null
912832.519,DIGITAL_IN,Hole5NP,0,null
913565.186,DIGITAL_IN,Hole5NP,-1,null
913825.069,DIGITAL_IN,Hole5NP,0,null
913925.024,DIGITAL_IN,Hole5NP,-1,null
913941.016,DIGITAL_IN,ChoiceWallIR,0,null
913973.002,DIGITAL_IN,ChoiceWallIR,-1,null
913980.998,DIGITAL_IN,Hole5NP,0,null
914380.817,DIGITAL_IN,Hole5NP,-1,null
914588.723,DIGITAL_IN,Hole5NP,0,null
915100.491,DIGITAL_IN,Hole5NP,-1,null
915124.48,DIGITAL_IN,Hole5NP,0,null
915152.468,DIGITAL_IN,Hole5NP,-1,null
915176.457,DIGITAL_IN,Hole5NP,0,null
916471.87,DIGITAL_IN,ChoiceWallIR,0,null
916487.863,DIGITAL_IN,ChoiceWallIR,-1,null
917043.611,DIGITAL_IN,Hole5NP,-1,null
917119.577,DIGITAL_IN,Hole5NP,0,null
917663.33,DIGITAL_IN,Hole5NP,-1,null
917687.32,DIGITAL_IN,Hole5NP,0,null
917931.209,DIGITAL_IN,Hole5NP,-1,null
917983.185,DIGITAL_IN,Hole5NP,0,null
919298.59,DIGITAL_IN,Hole5NP,-1,null
919418.535,DIGITAL_IN,Hole5NP,0,null
920107.223,DIGITAL_IN,Hole5NP,-1,null
920135.211,DIGITAL_IN,Hole5NP,0,null
920331.122,DIGITAL_IN,Hole5NP,-1,null
920407.088,DIGITAL_IN,Hole5NP,0,null
920942.845,DIGITAL_IN,ChoiceWallIR,0,null
920974.831,DIGITAL_IN,ChoiceWallIR,-1,null
921762.474,DIGITAL_IN,Hole5NP,-1,null
921926.4,DIGITAL_IN,Hole5NP,0,null
921986.372,DIGITAL_IN,Hole5NP,-1,null
922014.36,DIGITAL_IN,Hole5NP,0,null
922054.342,DIGITAL_IN,Hole5NP,-1,null
922062.338,DIGITAL_IN,Hole5NP,0,null
923430.801,PROGRAMMATIC,FITimerEvent,-1,null
923773.563,DIGITAL_IN,Hole5NP,-1,null
923773.563,PROGRAMMATIC,Hole5Event,-1,null
923801.55,DIGITAL_IN,Hole5NP,0,null
924065.431,DIGITAL_IN,ChoiceWallIR,0,null
924085.422,DIGITAL_IN,ChoiceWallIR,-1,null
924229.356,DIGITAL_IN,ChoiceWallIR,0,null
924341.306,DIGITAL_IN,TrayWallIR,-1,null
924973.563,PROGRAMMATIC,FeederTimerEvent,-1,null
924973.563,ALWAYS,ITI,-1,null
944973.563,PROGRAMMATIC,ITITimerEvent,-1,null
946501.563,PROGRAMMATIC,RandITITimerEvent,-1,null
946501.563,PROGRAMMATIC,FIEvent,-1,null
947578.781,DIGITAL_IN,TrayWallIR,0,null
947722.716,DIGITAL_IN,TrayWallIR,-1,null
947754.702,DIGITAL_IN,TrayWallIR,0,null
947814.674,DIGITAL_IN,TrayWallIR,-1,null
947854.656,DIGITAL_IN,TrayWallIR,0,null
947982.598,DIGITAL_IN,ChoiceWallIR,-1,null
948218.492,DIGITAL_IN,ChoiceWallIR,0,null
948394.412,DIGITAL_IN,ChoiceWallIR,-1,null
949749.798,DIGITAL_IN,Hole5NP,-1,null
949925.718,DIGITAL_IN,Hole5NP,0,null
952536.536,DIGITAL_IN,Hole5NP,-1,null
952729.449,DIGITAL_IN,Hole5NP,0,null
954840.492,DIGITAL_IN,ChoiceWallIR,0,null
954856.485,DIGITAL_IN,ChoiceWallIR,-1,null
955420.23,DIGITAL_IN,ChoiceWallIR,0,null
955440.221,DIGITAL_IN,ChoiceWallIR,-1,null
956119.913,DIGITAL_IN,ChoiceWallIR,0,null
956287.837,DIGITAL_IN,Hole5NP,-1,null
956299.831,DIGITAL_IN,Hole5NP,0,null
956519.732,DIGITAL_IN,ChoiceWallIR,-1,null
956967.529,DIGITAL_IN,ChoiceWallIR,0,null
957003.513,DIGITAL_IN,ChoiceWallIR,-1,null
957127.457,DIGITAL_IN,ChoiceWallIR,0,null
957155.444,DIGITAL_IN,Hole5NP,-1,null
957323.368,DIGITAL_IN,ChoiceWallIR,-1,null
957327.367,DIGITAL_IN,Hole5NP,0,null
958150.993,DIGITAL_IN,Hole5NP,-1,null
958174.982,DIGITAL_IN,Hole5NP,0,null
958706.741,DIGITAL_IN,ChoiceWallIR,0,null
958798.7,DIGITAL_IN,ChoiceWallIR,-1,null
958826.687,DIGITAL_IN,Hole5NP,-1,null
958830.686,DIGITAL_IN,ChoiceWallIR,0,null
958850.676,DIGITAL_IN,Hole5NP,0,null
959098.564,DIGITAL_IN,ChoiceWallIR,-1,null
959154.539,DIGITAL_IN,ChoiceWallIR,0,null
959174.529,DIGITAL_IN,ChoiceWallIR,-1,null
959199.518,DIGITAL_IN,ChoiceWallIR,0,null
959327.46,DIGITAL_IN,ChoiceWallIR,-1,null
959427.415,DIGITAL_IN,ChoiceWallIR,0,null
959515.375,DIGITAL_IN,Hole5NP,-1,null
959547.361,DIGITAL_IN,Hole5NP,0,null
959599.337,DIGITAL_IN,Hole5NP,-1,null
959707.288,DIGITAL_IN,Hole5NP,0,null
959711.287,DIGITAL_IN,ChoiceWallIR,-1,null
959835.23,DIGITAL_IN,ChoiceWallIR,0,null
959863.218,DIGITAL_IN,ChoiceWallIR,-1,null
960299.02,DIGITAL_IN,Hole5NP,-1,null
960315.013,DIGITAL_IN,Hole5NP,0,null
960319.012,DIGITAL_IN,ChoiceWallIR,0,null
960327.007,DIGITAL_IN,ChoiceWallIR,-1,null
961501.563,PROGRAMMATIC,FITimerEvent,-1,null
961610.426,DIGITAL_IN,Hole5NP,-1,null
961610.426,PROGRAMMATIC,Hole5Event,-1,null
961630.417,DIGITAL_IN,Hole5NP,0,null
961894.298,DIGITAL_IN,ChoiceWallIR,0,null
961946.274,DIGITAL_IN,ChoiceWallIR,-1,null
962046.229,DIGITAL_IN,ChoiceWallIR,0,null
962122.194,DIGITAL_IN,ChoiceWallIR,-1,null
962130.191,DIGITAL_IN,ChoiceWallIR,0,null
962170.173,DIGITAL_IN,TrayWallIR,-1,null
962214.153,DIGITAL_IN,ChoiceWallIR,-1,null
962230.146,DIGITAL_IN,ChoiceWallIR,0,null
962810.426,PROGRAMMATIC,FeederTimerEvent,-1,null
962810.426,ALWAYS,ITI,-1,null
982451.987,DIGITAL_IN,TrayWallIR,0,null
982519.956,DIGITAL_IN,TrayWallIR,-1,null
982559.938,DIGITAL_IN,TrayWallIR,0,null
982810.426,PROGRAMMATIC,ITITimerEvent,-1,null
985903.426,PROGRAMMATIC,RandITITimerEvent,-1,null
985903.426,PROGRAMMATIC,PIEvent,-1,null
987954.495,DIGITAL_IN,TrayWallIR,-1,null
988054.449,DIGITAL_IN,TrayWallIR,0,null
988186.39,DIGITAL_IN,ChoiceWallIR,-1,null
988230.37,DIGITAL_IN,TrayWallIR,-1,null
988422.283,DIGITAL_IN,TrayWallIR,0,null
988506.245,DIGITAL_IN,TrayWallIR,-1,null
989285.892,DIGITAL_IN,TrayWallIR,0,null
991648.822,DIGITAL_IN,ChoiceWallIR,0,null
991668.812,DIGITAL_IN,ChoiceWallIR,-1,null
996355.69,DIGITAL_IN,Hole5NP,-1,null
996383.677,DIGITAL_IN,Hole5NP,0,null
997263.279,DIGITAL_IN,ChoiceWallIR,0,null
997299.262,DIGITAL_IN,ChoiceWallIR,-1,null
998050.922,DIGITAL_IN,ChoiceWallIR,0,null
998070.913,DIGITAL_IN,ChoiceWallIR,-1,null
999239.384,DIGITAL_IN,Hole5NP,-1,null
999359.329,DIGITAL_IN,Hole5NP,0,null
999631.206,DIGITAL_IN,Hole5NP,-1,null
999659.194,DIGITAL_IN,Hole5NP,0,null
999963.056,DIGITAL_IN,ChoiceWallIR,0,null
999979.049,DIGITAL_IN,ChoiceWallIR,-1,null
1002425.94,DIGITAL_IN,Hole5NP,-1,null
1002441.933,DIGITAL_IN,Hole5NP,0,null
1002797.772,DIGITAL_IN,Hole5NP,-1,null
1002845.75,DIGITAL_IN,Hole5NP,0,null
1003165.605,DIGITAL_IN,ChoiceWallIR,0,null
1003193.593,DIGITAL_IN,Hole6NP,-1,null
1003221.58,DIGITAL_IN,Hole6NP,0,null
1003325.536,DIGITAL_IN,ChoiceWallIR,-1,null
1004173.149,DIGITAL_IN,Hole5NP,-1,null
1004237.12,DIGITAL_IN,Hole5NP,0,null
1005001.774,DIGITAL_IN,Hole5NP,-1,null
1005253.66,DIGITAL_IN,Hole5NP,0,null
1006409.136,DIGITAL_IN,Hole5NP,-1,null
1006481.104,DIGITAL_IN,Hole5NP,0,null
1007756.526,DIGITAL_IN,ChoiceWallIR,0,null
1007788.512,DIGITAL_IN,ChoiceWallIR,-1,null
1008076.381,DIGITAL_IN,Hole5NP,-1,null
1008148.349,DIGITAL_IN,Hole5NP,0,null
1008368.249,DIGITAL_IN,Hole5NP,-1,null
1008416.227,DIGITAL_IN,Hole5NP,0,null
1008636.128,DIGITAL_IN,Hole5NP,-1,null
1008684.106,DIGITAL_IN,Hole5NP,0,null
1009147.896,DIGITAL_IN,Hole6NP,-1,null
1009167.887,DIGITAL_IN,Hole6NP,0,null
1009803.599,DIGITAL_IN,ChoiceWallIR,0,null
1009871.568,DIGITAL_IN,ChoiceWallIR,-1,null
1010727.181,DIGITAL_IN,Hole5NP,-1,null
1010927.09,DIGITAL_IN,Hole5NP,0,null
1012023.594,DIGITAL_IN,ChoiceWallIR,0,null
1012487.383,DIGITAL_IN,ChoiceWallIR,-1,null
1012623.322,DIGITAL_IN,Hole5NP,-1,null
1012687.293,DIGITAL_IN,Hole5NP,0,null
1012919.188,DIGITAL_IN,Hole5NP,-1,null
1013055.126,DIGITAL_IN,Hole5NP,0,null
1013478.934,DIGITAL_IN,ChoiceWallIR,0,null
1013502.924,DIGITAL_IN,ChoiceWallIR,-1,null
1013750.811,DIGITAL_IN,ChoiceWallIR,0,null
1014066.668,DIGITAL_IN,ChoiceWallIR,-1,null
1014150.63,DIGITAL_IN,ChoiceWallIR,0,null
1014238.59,DIGITAL_IN,Hole5NP,-1,null
1014254.583,DIGITAL_IN,Hole5NP,0,null
1014550.449,DIGITAL_IN,ChoiceWallIR,-1,null
1022559.822,DIGITAL_IN,ChoiceWallIR,0,null
1023903.213,DIGITAL_IN,ChoiceWallIR,-1,null
1024767.822,DIGITAL_IN,ChoiceWallIR,0,null
1024911.756,DIGITAL_IN,ChoiceWallIR,-1,null
1027202.719,DIGITAL_IN,ChoiceWallIR,0,null
1027678.503,DIGITAL_IN,ChoiceWallIR,-1,null
1028142.293,DIGITAL_IN,ChoiceWallIR,0,null
1028254.242,DIGITAL_IN,ChoiceWallIR,-1,null
1028398.177,DIGITAL_IN,ChoiceWallIR,0,null
1030903.426,PROGRAMMATIC,PITimerEvent,-1,null
1030903.426,ALWAYS,ITI,-1,null
1032309.406,DIGITAL_IN,ChoiceWallIR,-1,null
1032657.248,DIGITAL_IN,ChoiceWallIR,0,null
1032705.227,DIGITAL_IN,ChoiceWallIR,-1,null
1035623.905,DIGITAL_IN,ChoiceWallIR,0,null
1036007.731,DIGITAL_IN,ChoiceWallIR,-1,null
1037119.227,DIGITAL_IN,ChoiceWallIR,0,null
1037399.101,DIGITAL_IN,TrayWallIR,-1,null
1037596.012,DIGITAL_IN,TrayWallIR,0,null
1038535.586,DIGITAL_IN,TrayWallIR,-1,null
1041334.318,DIGITAL_IN,TrayWallIR,0,null
1042893.612,DIGITAL_IN,TrayWallIR,-1,null
1042989.569,DIGITAL_IN,TrayWallIR,0,null
1043065.535,DIGITAL_IN,TrayWallIR,-1,null
1044277.986,DIGITAL_IN,TrayWallIR,0,null
1044765.764,DIGITAL_IN,TrayWallIR,-1,null
1046197.116,DIGITAL_IN,TrayWallIR,0,null
1047180.671,DIGITAL_IN,TrayWallIR,-1,null
1047776.401,DIGITAL_IN,TrayWallIR,0,null
1048228.196,DIGITAL_IN,TrayWallIR,-1,null
1048823.926,DIGITAL_IN,TrayWallIR,0,null
1049723.519,DIGITAL_IN,TrayWallIR,-1,null
1050903.426,PROGRAMMATIC,ITITimerEvent,-1,null
1052975.046,DIGITAL_IN,TrayWallIR,0,null
1053007.032,DIGITAL_IN,TrayWallIR,-1,null
1053258.918,DIGITAL_IN,TrayWallIR,0,null
1053654.739,DIGITAL_IN,TrayWallIR,-1,null
1053662.735,DIGITAL_IN,TrayWallIR,0,null
1055549.88,DIGITAL_IN,ChoiceWallIR,-1,null
1056029.663,DIGITAL_IN,ChoiceWallIR,0,null
1056509.445,DIGITAL_IN,ChoiceWallIR,-1,null
1056533.435,DIGITAL_IN,ChoiceWallIR,0,null
1056793.317,DIGITAL_IN,ChoiceWallIR,-1,null
1056825.302,DIGITAL_IN,ChoiceWallIR,0,null
1057049.201,DIGITAL_IN,ChoiceWallIR,-1,null
1058148.426,PROGRAMMATIC,RandITITimerEvent,-1,null
1058148.426,PROGRAMMATIC,FIEvent,-1,null
1059469.105,DIGITAL_IN,ChoiceWallIR,0,null
1059649.023,DIGITAL_IN,ChoiceWallIR,-1,null
1060684.555,DIGITAL_IN,ChoiceWallIR,0,null
1061492.189,DIGITAL_IN,TrayWallIR,-1,null
1062311.817,DIGITAL_IN,TrayWallIR,0,null
1062347.801,DIGITAL_IN,TrayWallIR,-1,null
1062567.702,DIGITAL_IN,TrayWallIR,0,null
1064331.903,DIGITAL_IN,TrayWallIR,-1,null
1064339.899,DIGITAL_IN,TrayWallIR,0,null
1064395.874,DIGITAL_IN,ChoiceWallIR,-1,null
1064455.846,DIGITAL_IN,ChoiceWallIR,0,null
1064503.825,DIGITAL_IN,ChoiceWallIR,-1,null
1064927.633,DIGITAL_IN,ChoiceWallIR,0,null
1065147.533,DIGITAL_IN,ChoiceWallIR,-1,null
1065455.394,DIGITAL_IN,ChoiceWallIR,0,null
1065643.309,DIGITAL_IN,Hole5NP,-1,null
1065863.209,DIGITAL_IN,Hole5NP,0,null
1065911.188,DIGITAL_IN,ChoiceWallIR,-1,null
1066187.062,DIGITAL_IN,ChoiceWallIR,0,null
1066227.044,DIGITAL_IN,Hole5NP,-1,null
1066231.043,DIGITAL_IN,ChoiceWallIR,-1,null
1066243.037,DIGITAL_IN,ChoiceWallIR,0,null
1066259.03,DIGITAL_IN,Hole5NP,0,null
1066311.006,DIGITAL_IN,Hole5NP,-1,null
1066338.993,DIGITAL_IN,Hole5NP,0,null
1066806.782,DIGITAL_IN,ChoiceWallIR,-1,null
1067286.564,DIGITAL_IN,ChoiceWallIR,0,null
1067326.546,DIGITAL_IN,Hole5NP,-1,null
1067494.47,DIGITAL_IN,ChoiceWallIR,-1,null
1067522.458,DIGITAL_IN,ChoiceWallIR,0,null
1067550.445,DIGITAL_IN,ChoiceWallIR,-1,null
1067554.444,DIGITAL_IN,Hole5NP,0,null
1067574.434,DIGITAL_IN,ChoiceWallIR,0,null
1067674.389,DIGITAL_IN,Hole5NP,-1,null
1067682.385,DIGITAL_IN,ChoiceWallIR,-1,null
1067810.327,DIGITAL_IN,Hole5NP,0,null
1067830.318,DIGITAL_IN,ChoiceWallIR,0,null
1068018.233,DIGITAL_IN,ChoiceWallIR,-1,null
1068082.204,DIGITAL_IN,ChoiceWallIR,0,null
1068158.17,DIGITAL_IN,Hole5NP,-1,null
1068306.103,DIGITAL_IN,Hole5NP,0,null
1068314.099,DIGITAL_IN,ChoiceWallIR,-1,null
1068390.065,DIGITAL_IN,ChoiceWallIR,0,null
1068673.936,DIGITAL_IN,Hole5NP,-1,null
1068817.871,DIGITAL_IN,Hole5NP,0,null
1069053.764,DIGITAL_IN,Hole5NP,-1,null
1069201.697,DIGITAL_IN,Hole5NP,0,null
1069373.619,DIGITAL_IN,ChoiceWallIR,-1,null
1069549.539,DIGITAL_IN,ChoiceWallIR,0,null
1069749.449,DIGITAL_IN,Hole5NP,-1,null
1069769.44,DIGITAL_IN,Hole5NP,0,null
1069849.404,DIGITAL_IN,Hole5NP,-1,null
1070053.311,DIGITAL_IN,Hole5NP,0,null
1070117.282,DIGITAL_IN,Hole5NP,-1,null
1070149.268,DIGITAL_IN,Hole5NP,0,null
1070205.242,DIGITAL_IN,Hole5NP,-1,null
1070242.226,DIGITAL_IN,ChoiceWallIR,-1,null
1070242.226,DIGITAL_IN,Hole5NP,0,null
1070514.103,DIGITAL_IN,Hole5NP,-1,null
1070522.1,DIGITAL_IN,ChoiceWallIR,0,null
1070606.061,DIGITAL_IN,ChoiceWallIR,-1,null
1070646.043,DIGITAL_IN,Hole5NP,0,null
1070690.023,DIGITAL_IN,Hole5NP,-1,null
1070702.017,DIGITAL_IN,Hole5NP,0,null
1070945.907,DIGITAL_IN,ChoiceWallIR,0,null
1071133.822,DIGITAL_IN,ChoiceWallIR,-1,null
1071413.695,DIGITAL_IN,ChoiceWallIR,0,null
1071413.695,DIGITAL_IN,Hole5NP,-1,null
1071425.69,DIGITAL_IN,Hole5NP,0,null
1071445.681,DIGITAL_IN,Hole5NP,-1,null
1071457.675,DIGITAL_IN,ChoiceWallIR,-1,null
1071461.674,DIGITAL_IN,ChoiceWallIR,0,null
1071473.668,DIGITAL_IN,ChoiceWallIR,-1,null
1071481.664,DIGITAL_IN,ChoiceWallIR,0,null
1071521.646,DIGITAL_IN,ChoiceWallIR,-1,null
1071529.643,DIGITAL_IN,Hole5NP,0,null
1072321.284,DIGITAL_IN,ChoiceWallIR,0,null
1072629.145,DIGITAL_IN,ChoiceWallIR,-1,null
1072956.996,DIGITAL_IN,ChoiceWallIR,0,null
1072996.978,DIGITAL_IN,Hole5NP,-1,null
1073000.977,DIGITAL_IN,Hole5NP,0,null
1073108.927,DIGITAL_IN,ChoiceWallIR,-1,null
1073148.426,PROGRAMMATIC,FITimerEvent,-1,null
1073352.817,DIGITAL_IN,Hole5NP,-1,null
1073352.817,PROGRAMMATIC,Hole5Event,-1,null
1073380.804,DIGITAL_IN,Hole5NP,0,null
1073468.764,DIGITAL_IN,ChoiceWallIR,0,null
1073520.741,DIGITAL_IN,ChoiceWallIR,-1,null
1073796.616,DIGITAL_IN,ChoiceWallIR,0,null
1073916.562,DIGITAL_IN,TrayWallIR,-1,null
1074552.817,PROGRAMMATIC,FeederTimerEvent,-1,null
1074552.817,ALWAYS,ITI,-1,null
1093394.74,DIGITAL_IN,TrayWallIR,0,null
1093614.64,DIGITAL_IN,TrayWallIR,-1,null
1094552.817,PROGRAMMATIC,ITITimerEvent,-1,null
1101476.082,DIGITAL_IN,TrayWallIR,0,null
1102039.817,PROGRAMMATIC,RandITITimerEvent,-1,null
1102039.817,PROGRAMMATIC,FIEvent,-1,null
1102627.558,DIGITAL_IN,TrayWallIR,-1,null
1102675.536,DIGITAL_IN,TrayWallIR,0,null
1102735.509,DIGITAL_IN,TrayWallIR,-1,null
1102751.502,DIGITAL_IN,TrayWallIR,0,null
1102767.495,DIGITAL_IN,TrayWallIR,-1,null
1102944.414,DIGITAL_IN,TrayWallIR,0,null
1102984.396,DIGITAL_IN,TrayWallIR,-1,null
1103060.362,DIGITAL_IN,TrayWallIR,0,null
1105987.036,DIGITAL_IN,TrayWallIR,-1,null
1106154.961,DIGITAL_IN,TrayWallIR,0,null
1117039.817,PROGRAMMATIC,FITimerEvent,-1,null
1117943.621,DIGITAL_IN,TrayWallIR,-1,null
1117983.603,DIGITAL_IN,TrayWallIR,0,null
1118103.549,DIGITAL_IN,TrayWallIR,-1,null
1118131.536,DIGITAL_IN,TrayWallIR,0,null
1118259.478,DIGITAL_IN,ChoiceWallIR,-1,null
1118555.344,DIGITAL_IN,ChoiceWallIR,0,null
1118659.297,DIGITAL_IN,Hole5NP,-1,null
1118659.297,PROGRAMMATIC,Hole5Event,-1,null
1118699.279,DIGITAL_IN,Hole5NP,0,null
1119410.957,DIGITAL_IN,TrayWallIR,-1,null
1119859.297,PROGRAMMATIC,FeederTimerEvent,-1,null
1119859.297,ALWAYS,ITI,-1,null
1135125.839,DIGITAL_IN,TrayWallIR,0,null
1135181.814,DIGITAL_IN,TrayWallIR,-1,null
1135213.799,DIGITAL_IN,TrayWallIR,0,null
1139859.297,PROGRAMMATIC,ITITimerEvent,-1,null
1142184.642,DIGITAL_IN,TrayWallIR,-1,null
1144197.297,PROGRAMMATIC,RandITITimerEvent,-1,null
1144197.297,PROGRAMMATIC,FIEvent,-1,null
1144231.715,DIGITAL_IN,TrayWallIR,0,null
1146718.589,DIGITAL_IN,TrayWallIR,-1,null
1147270.339,DIGITAL_IN,TrayWallIR,0,null
1147566.205,DIGITAL_IN,ChoiceWallIR,-1,null
1147822.089,DIGITAL_IN,ChoiceWallIR,0,null
1147878.064,DIGITAL_IN,ChoiceWallIR,-1,null
1148605.734,DIGITAL_IN,Hole5NP,-1,null
1148654.712,DIGITAL_IN,Hole5NP,0,null
1149118.502,DIGITAL_IN,Hole5NP,-1,null
1149138.493,DIGITAL_IN,Hole5NP,0,null
1150881.703,DIGITAL_IN,Hole5NP,-1,null
1150933.68,DIGITAL_IN,Hole5NP,0,null
1150985.656,DIGITAL_IN,Hole5NP,-1,null
1150993.652,DIGITAL_IN,ChoiceWallIR,0,null
1151013.643,DIGITAL_IN,Hole5NP,0,null
1151037.633,DIGITAL_IN,ChoiceWallIR,-1,null
1151305.511,DIGITAL_IN,Hole5NP,-1,null
1151317.506,DIGITAL_IN,Hole5NP,0,null
1152604.923,DIGITAL_IN,Hole5NP,-1,null
1152616.917,DIGITAL_IN,ChoiceWallIR,0,null
1152632.91,DIGITAL_IN,ChoiceWallIR,-1,null
1152644.905,DIGITAL_IN,Hole5NP,0,null
1155300.702,DIGITAL_IN,Hole5NP,-1,null
1155312.696,DIGITAL_IN,Hole5NP,0,null
1155724.51,DIGITAL_IN,Hole5NP,-1,null
1155760.494,DIGITAL_IN,Hole5NP,0,null
1156120.331,DIGITAL_IN,Hole5NP,-1,null
1156320.24,DIGITAL_IN,Hole5NP,0,null
1156732.054,DIGITAL_IN,Hole5NP,-1,null
1157059.905,DIGITAL_IN,Hole5NP,0,null
1157723.604,DIGITAL_IN,ChoiceWallIR,0,null
1157871.537,DIGITAL_IN,ChoiceWallIR,-1,null
1157935.508,DIGITAL_IN,ChoiceWallIR,0,null
1158011.474,DIGITAL_IN,TrayWallIR,-1,null
1159197.297,PROGRAMMATIC,FITimerEvent,-1,null
1160050.551,DIGITAL_IN,TrayWallIR,0,null
1160082.536,DIGITAL_IN,TrayWallIR,-1,null
1160214.476,DIGITAL_IN,TrayWallIR,0,null
1160358.411,DIGITAL_IN,ChoiceWallIR,-1,null
1160670.27,DIGITAL_IN,ChoiceWallIR,0,null
1160842.192,DIGITAL_IN,Hole5NP,-1,null
1160842.192,PROGRAMMATIC,Hole5Event,-1,null
1160874.177,DIGITAL_IN,Hole5NP,0,null
1161493.897,DIGITAL_IN,TrayWallIR,-1,null
1162042.192,PROGRAMMATIC,FeederTimerEvent,-1,null
1162042.192,ALWAYS,ITI,-1,null
1176238.219,DIGITAL_IN,TrayWallIR,0,null
1179572.709,DIGITAL_IN,TrayWallIR,-1,null
1182042.192,PROGRAMMATIC,ITITimerEvent,-1,null
1183280.03,DIGITAL_IN,TrayWallIR,0,null
1183499.93,DIGITAL_IN,ChoiceWallIR,-1,null
1183519.921,DIGITAL_IN,ChoiceWallIR,0,null
1183647.863,DIGITAL_IN,ChoiceWallIR,-1,null
1183815.787,DIGITAL_IN,ChoiceWallIR,0,null
1183831.78,DIGITAL_IN,Hole5NP,-1,null
1183883.756,DIGITAL_IN,Hole5NP,0,null
1184579.441,DIGITAL_IN,ChoiceWallIR,-1,null
1184911.291,DIGITAL_IN,ChoiceWallIR,0,null
1185171.173,DIGITAL_IN,ChoiceWallIR,-1,null
1185942.824,DIGITAL_IN,ChoiceWallIR,0,null
1187318.201,DIGITAL_IN,Hole5NP,-1,null
1187514.112,DIGITAL_IN,Hole5NP,0,null
1188106.844,DIGITAL_IN,ChoiceWallIR,-1,null
1189022.429,DIGITAL_IN,ChoiceWallIR,0,null
1189246.328,DIGITAL_IN,ChoiceWallIR,-1,null
1189396.192,PROGRAMMATIC,RandITITimerEvent,-1,null
1189396.192,PROGRAMMATIC,FIEvent,-1,null
1190425.793,DIGITAL_IN,ChoiceWallIR,0,null
1190737.652,DIGITAL_IN,ChoiceWallIR,-1,null
1190801.623,DIGITAL_IN,ChoiceWallIR,0,null
1192041.062,DIGITAL_IN,ChoiceWallIR,-1,null
1192045.062,DIGITAL_IN,ChoiceWallIR,0,null
1192093.038,DIGITAL_IN,ChoiceWallIR,-1,null
1192408.895,DIGITAL_IN,Hole5NP,-1,null
1192760.736,DIGITAL_IN,Hole5NP,0,null
1193236.52,DIGITAL_IN,ChoiceWallIR,0,null
1193844.245,DIGITAL_IN,ChoiceWallIR,-1,null
1194548.926,DIGITAL_IN,ChoiceWallIR,0,null
1194936.75,DIGITAL_IN,TrayWallIR,-1,null
1196112.218,DIGITAL_IN,TrayWallIR,0,null
1198215.265,DIGITAL_IN,TrayWallIR,-1,null
1198683.053,DIGITAL_IN,TrayWallIR,0,null
1199474.695,DIGITAL_IN,ChoiceWallIR,-1,null
1199482.691,DIGITAL_IN,ChoiceWallIR,0,null
1200046.436,DIGITAL_IN,Hole5NP,-1,null
1200282.329,DIGITAL_IN,Hole5NP,0,null
1200834.079,DIGITAL_IN,ChoiceWallIR,-1,null
1201198.914,DIGITAL_IN,ChoiceWallIR,0,null
1201810.637,DIGITAL_IN,ChoiceWallIR,-1,null
1202514.318,DIGITAL_IN,ChoiceWallIR,0,null
1202550.302,DIGITAL_IN,ChoiceWallIR,-1,null
1202582.287,DIGITAL_IN,Hole5NP,-1,null
1202598.28,DIGITAL_IN,ChoiceWallIR,0,null
1202642.26,DIGITAL_IN,ChoiceWallIR,-1,null
1202822.179,DIGITAL_IN,Hole5NP,0,null
1203018.09,DIGITAL_IN,ChoiceWallIR,0,null
1203054.074,DIGITAL_IN,ChoiceWallIR,-1,null
1203729.768,DIGITAL_IN,Hole5NP,-1,null
1203737.764,DIGITAL_IN,ChoiceWallIR,0,null
1203841.717,DIGITAL_IN,ChoiceWallIR,-1,null
1203921.681,DIGITAL_IN,Hole5NP,0,null
1203977.655,DIGITAL_IN,ChoiceWallIR,0,null
1204181.563,DIGITAL_IN,ChoiceWallIR,-1,null
1204213.549,DIGITAL_IN,ChoiceWallIR,0,null
1204229.541,DIGITAL_IN,ChoiceWallIR,-1,null
1204396.192,PROGRAMMATIC,FITimerEvent,-1,null
1204809.279,DIGITAL_IN,Hole5NP,-1,null
1204809.279,PROGRAMMATIC,Hole5Event,-1,null
1204821.273,DIGITAL_IN,ChoiceWallIR,0,null
1204837.266,DIGITAL_IN,Hole5NP,0,null
1204849.261,DIGITAL_IN,ChoiceWallIR,-1,null
1204905.235,DIGITAL_IN,ChoiceWallIR,0,null
1205189.107,DIGITAL_IN,ChoiceWallIR,-1,null
1205201.102,DIGITAL_IN,ChoiceWallIR,0,null
1205261.074,DIGITAL_IN,ChoiceWallIR,-1,null
1205289.062,DIGITAL_IN,ChoiceWallIR,0,null
1205309.052,DIGITAL_IN,ChoiceWallIR,-1,null
1205357.031,DIGITAL_IN,TrayWallIR,-1,null
1205365.027,DIGITAL_IN,ChoiceWallIR,0,null
1206009.279,PROGRAMMATIC,FeederTimerEvent,-1,null
1206009.279,ALWAYS,ITI,-1,null
1208757.752,PROGRAM,TERMINATE,-1,null
1208757.752,PROGRAM,END,-1,null
