Program: PeakIntervalMiddleHopper, Version Checkstring: 1wt79hn_1521d29a745.tnt.vcs, Box Name: Box 01, Setup: 1, _DateTime: Sun May 22 09:05:48 ADT 2022, Version: 1, _ResultSize: 61539, Controller: Brown Lab 192.168.0.227, Username: Richard Brown, _LineMap: <non-comparable key value>, Auto-Upload Results: yes, _ConSoftwareVer: cu3.22:i21, _TestRunID: null, _SetupTS: 1511bb97c98_1.cnssetup, _ConUniqueID: 00:2:b3:cd:82:23, Status: Unverified   TRANSIENT: index: 5981 source: cenes.tnt.filter.Archive@45a4730a
0.0,DIGITAL_IN,TrayReport,-1,null
0.0,PROGRAM,START,16056,16056
0.0,BLOCK,START,1,null
0.0,PROGRAMMATIC,FIEvent,-1,null
418.543,DIGITAL_IN,TrayWallIR,-1,null
1038.267,DIGITAL_IN,TrayWallIR,0,null
1126.228,DIGITAL_IN,ChoiceWallIR,-1,null
1286.156,DIGITAL_IN,ChoiceWallIR,0,null
1518.053,DIGITAL_IN,ChoiceWallIR,-1,null
8192.075,DIGITAL_IN,Hole5NP,-1,null
8268.041,DIGITAL_IN,Hole5NP,0,null
8336.011,DIGITAL_IN,Hole5NP,-1,null
8628.88,DIGITAL_IN,Hole5NP,0,null
10340.117,DIGITAL_IN,Hole5NP,-1,null
10388.095,DIGITAL_IN,Hole5NP,0,null
10444.07,DIGITAL_IN,Hole5NP,-1,null
10883.874,DIGITAL_IN,Hole5NP,0,null
11091.781,DIGITAL_IN,ChoiceWallIR,0,null
11147.756,DIGITAL_IN,ChoiceWallIR,-1,null
11551.576,DIGITAL_IN,ChoiceWallIR,0,null
11719.501,DIGITAL_IN,ChoiceWallIR,-1,null
12703.062,DIGITAL_IN,ChoiceWallIR,0,null
12715.057,DIGITAL_IN,ChoiceWallIR,-1,null
12823.009,DIGITAL_IN,ChoiceWallIR,0,null
12990.934,DIGITAL_IN,ChoiceWallIR,-1,null
12998.93,DIGITAL_IN,ChoiceWallIR,0,null
13382.759,DIGITAL_IN,ChoiceWallIR,-1,null
13426.74,DIGITAL_IN,ChoiceWallIR,0,null
13526.695,DIGITAL_IN,ChoiceWallIR,-1,null
13666.633,DIGITAL_IN,Hole5NP,-1,null
14286.356,DIGITAL_IN,Hole5NP,0,null
14378.315,DIGITAL_IN,Hole5NP,-1,null
14418.297,DIGITAL_IN,ChoiceWallIR,0,null
14806.124,DIGITAL_IN,Hole5NP,0,null
14814.121,DIGITAL_IN,ChoiceWallIR,-1,null
14934.067,DIGITAL_IN,ChoiceWallIR,0,null
15000.0,PROGRAMMATIC,FITimerEvent,-1,null
15418.851,DIGITAL_IN,Hole5NP,-1,null
15418.851,PROGRAMMATIC,Hole5Event,-1,null
15458.833,DIGITAL_IN,Hole5NP,0,null
16066.562,DIGITAL_IN,TrayWallIR,-1,null
16194.505,DIGITAL_IN,TrayWallIR,0,null
16290.462,DIGITAL_IN,TrayWallIR,-1,null
16618.851,PROGRAMMATIC,FeederTimerEvent,-1,null
16618.851,ALWAYS,ITI,-1,null
26650.84,DIGITAL_IN,TrayWallIR,0,null
30158.275,DIGITAL_IN,TrayWallIR,-1,null
30170.27,DIGITAL_IN,TrayWallIR,0,null
33316.866,DIGITAL_IN,TrayWallIR,-1,null
33348.851,DIGITAL_IN,TrayWallIR,0,null
33404.826,DIGITAL_IN,ChoiceWallIR,-1,null
33468.798,DIGITAL_IN,ChoiceWallIR,0,null
33496.785,DIGITAL_IN,TrayWallIR,-1,null
33544.764,DIGITAL_IN,TrayWallIR,0,null
34572.306,DIGITAL_IN,ChoiceWallIR,-1,null
36192.583,DIGITAL_IN,ChoiceWallIR,0,null
36618.851,PROGRAMMATIC,ITITimerEvent,-1,null
36736.34,DIGITAL_IN,ChoiceWallIR,-1,null
36792.315,DIGITAL_IN,ChoiceWallIR,0,null
36900.267,DIGITAL_IN,ChoiceWallIR,-1,null
36964.238,DIGITAL_IN,ChoiceWallIR,0,null
37484.006,DIGITAL_IN,ChoiceWallIR,-1,null
37611.949,DIGITAL_IN,ChoiceWallIR,0,null
39015.323,DIGITAL_IN,ChoiceWallIR,-1,null
40454.681,DIGITAL_IN,Hole6NP,-1,null
40606.613,DIGITAL_IN,Hole6NP,0,null
41579.179,DIGITAL_IN,ChoiceWallIR,0,null
42946.569,DIGITAL_IN,ChoiceWallIR,-1,null
43002.544,DIGITAL_IN,ChoiceWallIR,0,null
43278.421,DIGITAL_IN,ChoiceWallIR,-1,null
43702.232,DIGITAL_IN,Hole5NP,-1,null
43770.202,DIGITAL_IN,Hole5NP,0,null
43882.152,DIGITAL_IN,Hole5NP,-1,null
44425.909,DIGITAL_IN,Hole5NP,0,null
44741.768,DIGITAL_IN,Hole5NP,-1,null
45021.644,DIGITAL_IN,Hole5NP,0,null
46326.851,PROGRAMMATIC,RandITITimerEvent,-1,null
46326.851,PROGRAMMATIC,PIEvent,-1,null
46504.982,DIGITAL_IN,Hole5NP,-1,null
47132.702,DIGITAL_IN,Hole5NP,0,null
47180.68,DIGITAL_IN,ChoiceWallIR,0,null
47272.639,DIGITAL_IN,Hole5NP,-1,null
47360.6,DIGITAL_IN,Hole5NP,0,null
47444.563,DIGITAL_IN,Hole5NP,-1,null
47540.52,DIGITAL_IN,Hole5NP,0,null
48113.264,DIGITAL_IN,ChoiceWallIR,-1,null
48197.227,DIGITAL_IN,ChoiceWallIR,0,null
48489.096,DIGITAL_IN,ChoiceWallIR,-1,null
48505.089,DIGITAL_IN,ChoiceWallIR,0,null
48653.023,DIGITAL_IN,ChoiceWallIR,-1,null
49172.791,DIGITAL_IN,Hole5NP,-1,null
49684.563,DIGITAL_IN,Hole5NP,0,null
49720.547,DIGITAL_IN,Hole5NP,-1,null
49800.511,DIGITAL_IN,Hole5NP,0,null
49836.495,DIGITAL_IN,ChoiceWallIR,0,null
49912.461,DIGITAL_IN,Hole5NP,-1,null
50452.221,DIGITAL_IN,Hole5NP,0,null
50548.178,DIGITAL_IN,Hole5NP,-1,null
50820.057,DIGITAL_IN,Hole5NP,0,null
50908.017,DIGITAL_IN,ChoiceWallIR,-1,null
51043.957,DIGITAL_IN,ChoiceWallIR,0,null
51255.862,DIGITAL_IN,ChoiceWallIR,-1,null
51315.835,DIGITAL_IN,ChoiceWallIR,0,null
51351.819,DIGITAL_IN,ChoiceWallIR,-1,null
51563.725,DIGITAL_IN,ChoiceWallIR,0,null
51655.684,DIGITAL_IN,ChoiceWallIR,-1,null
52111.48,DIGITAL_IN,ChoiceWallIR,0,null
52191.445,DIGITAL_IN,Hole5NP,-1,null
52347.375,DIGITAL_IN,Hole5NP,0,null
53163.011,DIGITAL_IN,ChoiceWallIR,-1,null
53490.865,DIGITAL_IN,ChoiceWallIR,0,null
53778.737,DIGITAL_IN,Hole5NP,-1,null
54102.592,DIGITAL_IN,ChoiceWallIR,-1,null
54451.436,DIGITAL_IN,Hole5NP,0,null
54503.413,DIGITAL_IN,ChoiceWallIR,0,null
54951.213,DIGITAL_IN,ChoiceWallIR,-1,null
55115.14,DIGITAL_IN,ChoiceWallIR,0,null
55602.923,DIGITAL_IN,ChoiceWallIR,-1,null
56866.359,DIGITAL_IN,Hole5NP,-1,null
57642.013,DIGITAL_IN,Hole5NP,0,null
57658.006,DIGITAL_IN,Hole5NP,-1,null
57745.967,DIGITAL_IN,ChoiceWallIR,0,null
57817.934,DIGITAL_IN,ChoiceWallIR,-1,null
57845.922,DIGITAL_IN,ChoiceWallIR,0,null
58085.815,DIGITAL_IN,ChoiceWallIR,-1,null
58097.81,DIGITAL_IN,Hole5NP,0,null
58149.786,DIGITAL_IN,ChoiceWallIR,0,null
58233.749,DIGITAL_IN,ChoiceWallIR,-1,null
58353.695,DIGITAL_IN,ChoiceWallIR,0,null
58469.644,DIGITAL_IN,ChoiceWallIR,-1,null
58969.421,DIGITAL_IN,ChoiceWallIR,0,null
59153.339,DIGITAL_IN,ChoiceWallIR,-1,null
59157.338,DIGITAL_IN,ChoiceWallIR,0,null
59197.319,DIGITAL_IN,ChoiceWallIR,-1,null
59353.25,DIGITAL_IN,ChoiceWallIR,0,null
59425.217,DIGITAL_IN,ChoiceWallIR,-1,null
59489.189,DIGITAL_IN,ChoiceWallIR,0,null
60160.889,DIGITAL_IN,ChoiceWallIR,-1,null
60712.643,DIGITAL_IN,ChoiceWallIR,0,null
60768.618,DIGITAL_IN,Hole5NP,-1,null
60985.522,DIGITAL_IN,Hole5NP,0,null
61117.462,DIGITAL_IN,ChoiceWallIR,-1,null
61385.343,DIGITAL_IN,ChoiceWallIR,0,null
61421.327,DIGITAL_IN,ChoiceWallIR,-1,null
61501.291,DIGITAL_IN,ChoiceWallIR,0,null
61637.23,DIGITAL_IN,ChoiceWallIR,-1,null
63892.224,DIGITAL_IN,ChoiceWallIR,0,null
63916.214,DIGITAL_IN,ChoiceWallIR,-1,null
64116.125,DIGITAL_IN,ChoiceWallIR,0,null
64791.823,DIGITAL_IN,TrayWallIR,-1,null
65043.711,DIGITAL_IN,TrayWallIR,0,null
65187.646,DIGITAL_IN,TrayWallIR,-1,null
66990.842,DIGITAL_IN,TrayWallIR,0,null
68063.363,DIGITAL_IN,ChoiceWallIR,-1,null
68131.333,DIGITAL_IN,ChoiceWallIR,0,null
68183.31,DIGITAL_IN,ChoiceWallIR,-1,null
74141.652,DIGITAL_IN,Hole5NP,-1,null
74213.62,DIGITAL_IN,Hole5NP,0,null
74269.595,DIGITAL_IN,Hole5NP,-1,null
74341.562,DIGITAL_IN,Hole5NP,0,null
75117.216,DIGITAL_IN,ChoiceWallIR,0,null
75720.947,DIGITAL_IN,ChoiceWallIR,-1,null
77752.041,DIGITAL_IN,ChoiceWallIR,0,null
77812.014,DIGITAL_IN,ChoiceWallIR,-1,null
77844.0,DIGITAL_IN,ChoiceWallIR,0,null
77887.98,DIGITAL_IN,ChoiceWallIR,-1,null
78091.889,DIGITAL_IN,ChoiceWallIR,0,null
78243.821,DIGITAL_IN,ChoiceWallIR,-1,null
78663.634,DIGITAL_IN,ChoiceWallIR,0,null
78775.584,DIGITAL_IN,ChoiceWallIR,-1,null
91326.851,PROGRAMMATIC,PITimerEvent,-1,null
91326.851,ALWAYS,ITI,-1,null
94847.414,DIGITAL_IN,ChoiceWallIR,0,null
95922.937,DIGITAL_IN,ChoiceWallIR,-1,null
96510.672,DIGITAL_IN,ChoiceWallIR,0,null
97042.434,DIGITAL_IN,Hole5NP,-1,null
97546.21,DIGITAL_IN,Hole5NP,0,null
98161.935,DIGITAL_IN,ChoiceWallIR,-1,null
98317.865,DIGITAL_IN,ChoiceWallIR,0,null
98913.6,DIGITAL_IN,ChoiceWallIR,-1,null
98957.58,DIGITAL_IN,ChoiceWallIR,0,null
99005.559,DIGITAL_IN,ChoiceWallIR,-1,null
99185.478,DIGITAL_IN,ChoiceWallIR,0,null
99317.419,DIGITAL_IN,ChoiceWallIR,-1,null
99641.275,DIGITAL_IN,ChoiceWallIR,0,null
99677.259,DIGITAL_IN,ChoiceWallIR,-1,null
103528.541,DIGITAL_IN,ChoiceWallIR,0,null
104664.034,DIGITAL_IN,ChoiceWallIR,-1,null
104684.026,DIGITAL_IN,ChoiceWallIR,0,null
104831.959,DIGITAL_IN,ChoiceWallIR,-1,null
105403.704,DIGITAL_IN,ChoiceWallIR,0,null
105519.652,DIGITAL_IN,ChoiceWallIR,-1,null
105551.638,DIGITAL_IN,ChoiceWallIR,0,null
105687.578,DIGITAL_IN,ChoiceWallIR,-1,null
105851.504,DIGITAL_IN,ChoiceWallIR,0,null
106091.397,DIGITAL_IN,TrayWallIR,-1,null
111326.851,PROGRAMMATIC,ITITimerEvent,-1,null
112192.851,PROGRAMMATIC,RandITITimerEvent,-1,null
112192.851,PROGRAMMATIC,FIEvent,-1,null
112221.662,DIGITAL_IN,TrayWallIR,0,null
112285.634,DIGITAL_IN,TrayWallIR,-1,null
112405.58,DIGITAL_IN,TrayWallIR,0,null
113414.13,DIGITAL_IN,TrayWallIR,-1,null
114533.631,DIGITAL_IN,TrayWallIR,0,null
114549.624,DIGITAL_IN,TrayWallIR,-1,null
114637.585,DIGITAL_IN,TrayWallIR,0,null
114657.575,DIGITAL_IN,TrayWallIR,-1,null
114709.552,DIGITAL_IN,TrayWallIR,0,null
114785.518,DIGITAL_IN,TrayWallIR,-1,null
114793.515,DIGITAL_IN,TrayWallIR,0,null
115117.37,DIGITAL_IN,TrayWallIR,-1,null
115477.21,DIGITAL_IN,TrayWallIR,0,null
115609.151,DIGITAL_IN,ChoiceWallIR,-1,null
115633.14,DIGITAL_IN,ChoiceWallIR,0,null
115725.099,DIGITAL_IN,ChoiceWallIR,-1,null
115881.031,DIGITAL_IN,ChoiceWallIR,0,null
115921.012,DIGITAL_IN,ChoiceWallIR,-1,null
117044.51,DIGITAL_IN,ChoiceWallIR,0,null
117248.419,DIGITAL_IN,ChoiceWallIR,-1,null
117288.402,DIGITAL_IN,ChoiceWallIR,0,null
117392.355,DIGITAL_IN,ChoiceWallIR,-1,null
117476.318,DIGITAL_IN,ChoiceWallIR,0,null
117756.193,DIGITAL_IN,ChoiceWallIR,-1,null
117872.141,DIGITAL_IN,ChoiceWallIR,0,null
117980.093,DIGITAL_IN,ChoiceWallIR,-1,null
118443.886,DIGITAL_IN,Hole5NP,-1,null
118483.868,DIGITAL_IN,Hole5NP,0,null
119179.558,DIGITAL_IN,ChoiceWallIR,0,null
119900.236,DIGITAL_IN,Hole5NP,-1,null
120376.024,DIGITAL_IN,Hole5NP,0,null
120451.99,DIGITAL_IN,Hole5NP,-1,null
120467.983,DIGITAL_IN,Hole5NP,0,null
120487.974,DIGITAL_IN,ChoiceWallIR,-1,null
120551.946,DIGITAL_IN,ChoiceWallIR,0,null
121207.653,DIGITAL_IN,Hole5NP,-1,null
121643.459,DIGITAL_IN,Hole5NP,0,null
122183.218,DIGITAL_IN,Hole6NP,-1,null
122335.15,DIGITAL_IN,Hole6NP,0,null
122415.114,DIGITAL_IN,ChoiceWallIR,-1,null
122571.045,DIGITAL_IN,ChoiceWallIR,0,null
122595.034,DIGITAL_IN,Hole5NP,-1,null
122647.011,DIGITAL_IN,ChoiceWallIR,-1,null
123202.763,DIGITAL_IN,Hole5NP,0,null
124406.226,DIGITAL_IN,ChoiceWallIR,0,null
124462.201,DIGITAL_IN,Hole5NP,-1,null
125225.86,DIGITAL_IN,Hole5NP,0,null
125273.839,DIGITAL_IN,Hole5NP,-1,null
125769.618,DIGITAL_IN,Hole5NP,0,null
125857.579,DIGITAL_IN,Hole5NP,-1,null
126114.464,DIGITAL_IN,Hole5NP,0,null
126214.419,DIGITAL_IN,ChoiceWallIR,-1,null
126626.236,DIGITAL_IN,ChoiceWallIR,0,null
126750.18,DIGITAL_IN,ChoiceWallIR,-1,null
127130.011,DIGITAL_IN,ChoiceWallIR,0,null
127192.851,PROGRAMMATIC,FITimerEvent,-1,null
127241.961,DIGITAL_IN,ChoiceWallIR,-1,null
127341.916,DIGITAL_IN,ChoiceWallIR,0,null
127381.898,DIGITAL_IN,Hole5NP,-1,null
127381.898,PROGRAMMATIC,Hole5Event,-1,null
127397.891,DIGITAL_IN,Hole5NP,0,null
127425.879,DIGITAL_IN,ChoiceWallIR,-1,null
127497.847,DIGITAL_IN,ChoiceWallIR,0,null
127669.77,DIGITAL_IN,ChoiceWallIR,-1,null
127781.72,DIGITAL_IN,ChoiceWallIR,0,null
128137.561,DIGITAL_IN,TrayWallIR,-1,null
128581.898,PROGRAMMATIC,FeederTimerEvent,-1,null
128581.898,ALWAYS,ITI,-1,null
137826.239,DIGITAL_IN,TrayWallIR,0,null
138561.911,DIGITAL_IN,TrayWallIR,-1,null
138605.891,DIGITAL_IN,TrayWallIR,0,null
139045.695,DIGITAL_IN,TrayWallIR,-1,null
139406.534,DIGITAL_IN,TrayWallIR,0,null
143740.6,DIGITAL_IN,ChoiceWallIR,-1,null
143752.595,DIGITAL_IN,ChoiceWallIR,0,null
147567.892,DIGITAL_IN,ChoiceWallIR,-1,null
148103.653,DIGITAL_IN,ChoiceWallIR,0,null
148323.555,DIGITAL_IN,ChoiceWallIR,-1,null
148581.898,PROGRAMMATIC,ITITimerEvent,-1,null
148859.316,DIGITAL_IN,ChoiceWallIR,0,null
148987.259,DIGITAL_IN,Hole5NP,-1,null
150098.763,DIGITAL_IN,Hole5NP,0,null
150118.754,DIGITAL_IN,ChoiceWallIR,-1,null
150222.708,DIGITAL_IN,Hole5NP,-1,null
150250.696,DIGITAL_IN,ChoiceWallIR,0,null
150338.656,DIGITAL_IN,Hole5NP,0,null
150406.626,DIGITAL_IN,Hole5NP,-1,null
150970.374,DIGITAL_IN,Hole5NP,0,null
150986.367,DIGITAL_IN,ChoiceWallIR,-1,null
151198.273,DIGITAL_IN,ChoiceWallIR,0,null
151482.146,DIGITAL_IN,Hole6NP,-1,null
151542.119,DIGITAL_IN,Hole6NP,0,null
151646.073,DIGITAL_IN,ChoiceWallIR,-1,null
151782.012,DIGITAL_IN,ChoiceWallIR,0,null
152225.814,DIGITAL_IN,ChoiceWallIR,-1,null
152590.652,DIGITAL_IN,ChoiceWallIR,0,null
152634.632,DIGITAL_IN,ChoiceWallIR,-1,null
152774.569,DIGITAL_IN,ChoiceWallIR,0,null
152802.557,DIGITAL_IN,Hole5NP,-1,null
153638.184,DIGITAL_IN,Hole5NP,0,null
153770.125,DIGITAL_IN,Hole5NP,-1,null
154465.815,DIGITAL_IN,Hole5NP,0,null
154668.898,PROGRAMMATIC,RandITITimerEvent,-1,null
154668.898,PROGRAMMATIC,FIEvent,-1,null
155033.562,DIGITAL_IN,ChoiceWallIR,-1,null
155997.132,DIGITAL_IN,Hole5NP,-1,null
156780.782,DIGITAL_IN,Hole5NP,0,null
156848.752,DIGITAL_IN,Hole5NP,-1,null
157756.347,DIGITAL_IN,Hole5NP,0,null
157880.292,DIGITAL_IN,Hole5NP,-1,null
158776.892,DIGITAL_IN,Hole5NP,0,null
159060.765,DIGITAL_IN,ChoiceWallIR,0,null
159324.647,DIGITAL_IN,Hole6NP,-1,null
159484.576,DIGITAL_IN,Hole6NP,0,null
159628.512,DIGITAL_IN,ChoiceWallIR,-1,null
159824.424,DIGITAL_IN,ChoiceWallIR,0,null
159952.367,DIGITAL_IN,ChoiceWallIR,-1,null
160512.117,DIGITAL_IN,ChoiceWallIR,0,null
160624.068,DIGITAL_IN,Hole5NP,-1,null
161063.871,DIGITAL_IN,Hole5NP,0,null
161479.686,DIGITAL_IN,Hole6NP,-1,null
162047.432,DIGITAL_IN,Hole6NP,0,null
162175.375,DIGITAL_IN,ChoiceWallIR,-1,null
162199.365,DIGITAL_IN,ChoiceWallIR,0,null
162259.338,DIGITAL_IN,Hole5NP,-1,null
162491.234,DIGITAL_IN,Hole5NP,0,null
162715.134,DIGITAL_IN,ChoiceWallIR,-1,null
163054.983,DIGITAL_IN,ChoiceWallIR,0,null
163078.972,DIGITAL_IN,ChoiceWallIR,-1,null
163090.967,DIGITAL_IN,ChoiceWallIR,0,null
163126.951,DIGITAL_IN,ChoiceWallIR,-1,null
163222.908,DIGITAL_IN,ChoiceWallIR,0,null
163314.867,DIGITAL_IN,ChoiceWallIR,-1,null
163366.844,DIGITAL_IN,ChoiceWallIR,0,null
163738.678,DIGITAL_IN,ChoiceWallIR,-1,null
164538.321,DIGITAL_IN,Hole5NP,-1,null
164550.316,DIGITAL_IN,Hole5NP,0,null
164566.309,DIGITAL_IN,ChoiceWallIR,0,null
164646.273,DIGITAL_IN,ChoiceWallIR,-1,null
164714.243,DIGITAL_IN,ChoiceWallIR,0,null
164862.177,DIGITAL_IN,Hole6NP,-1,null
165538.875,DIGITAL_IN,Hole6NP,0,null
165610.843,DIGITAL_IN,ChoiceWallIR,-1,null
165726.791,DIGITAL_IN,ChoiceWallIR,0,null
165774.769,DIGITAL_IN,Hole5NP,-1,null
165966.684,DIGITAL_IN,Hole5NP,0,null
166118.616,DIGITAL_IN,ChoiceWallIR,-1,null
166806.309,DIGITAL_IN,Hole5NP,-1,null
166810.309,DIGITAL_IN,ChoiceWallIR,0,null
166850.29,DIGITAL_IN,ChoiceWallIR,-1,null
167553.976,DIGITAL_IN,Hole5NP,0,null
167589.96,DIGITAL_IN,ChoiceWallIR,0,null
167633.94,DIGITAL_IN,Hole5NP,-1,null
168565.524,DIGITAL_IN,Hole5NP,0,null
169169.255,DIGITAL_IN,ChoiceWallIR,-1,null
169349.175,DIGITAL_IN,ChoiceWallIR,0,null
169668.898,PROGRAMMATIC,FITimerEvent,-1,null
170292.754,DIGITAL_IN,ChoiceWallIR,-1,null
170336.734,DIGITAL_IN,ChoiceWallIR,0,null
170724.561,DIGITAL_IN,ChoiceWallIR,-1,null
171064.409,DIGITAL_IN,Hole5NP,-1,null
171064.409,PROGRAMMATIC,Hole5Event,-1,null
171236.333,DIGITAL_IN,Hole5NP,0,null
171276.315,DIGITAL_IN,ChoiceWallIR,0,null
171300.304,DIGITAL_IN,ChoiceWallIR,-1,null
171308.301,DIGITAL_IN,ChoiceWallIR,0,null
171576.181,DIGITAL_IN,ChoiceWallIR,-1,null
171853.058,DIGITAL_IN,ChoiceWallIR,0,null
171996.993,DIGITAL_IN,TrayWallIR,-1,null
172264.409,PROGRAMMATIC,FeederTimerEvent,-1,null
172264.409,ALWAYS,ITI,-1,null
184864.253,DIGITAL_IN,TrayWallIR,0,null
185265.074,DIGITAL_IN,TrayWallIR,-1,null
185277.068,DIGITAL_IN,TrayWallIR,0,null
186228.644,DIGITAL_IN,TrayWallIR,-1,null
186588.483,DIGITAL_IN,TrayWallIR,0,null
188391.679,DIGITAL_IN,TrayWallIR,-1,null
188411.67,DIGITAL_IN,TrayWallIR,0,null
188555.606,DIGITAL_IN,TrayWallIR,-1,null
188563.602,DIGITAL_IN,TrayWallIR,0,null
188743.522,DIGITAL_IN,TrayWallIR,-1,null
191471.305,DIGITAL_IN,TrayWallIR,0,null
191715.196,DIGITAL_IN,ChoiceWallIR,-1,null
192264.409,PROGRAMMATIC,ITITimerEvent,-1,null
192570.815,DIGITAL_IN,Hole5NP,-1,null
193050.6,DIGITAL_IN,ChoiceWallIR,0,null
193150.556,DIGITAL_IN,Hole5NP,0,null
193274.5,DIGITAL_IN,ChoiceWallIR,-1,null
194653.885,DIGITAL_IN,ChoiceWallIR,0,null
194685.871,DIGITAL_IN,ChoiceWallIR,-1,null
194705.862,DIGITAL_IN,ChoiceWallIR,0,null
195769.387,DIGITAL_IN,Hole5NP,-1,null
196393.109,DIGITAL_IN,Hole5NP,0,null
198109.343,DIGITAL_IN,ChoiceWallIR,-1,null
198233.288,DIGITAL_IN,ChoiceWallIR,0,null
198265.274,DIGITAL_IN,ChoiceWallIR,-1,null
198273.27,DIGITAL_IN,ChoiceWallIR,0,null
198321.249,DIGITAL_IN,ChoiceWallIR,-1,null
198793.038,DIGITAL_IN,ChoiceWallIR,0,null
198825.024,DIGITAL_IN,ChoiceWallIR,-1,null
199696.635,DIGITAL_IN,ChoiceWallIR,0,null
200468.291,DIGITAL_IN,ChoiceWallIR,-1,null
200783.409,PROGRAMMATIC,RandITITimerEvent,-1,null
200783.409,PROGRAMMATIC,PIEvent,-1,null
200824.132,DIGITAL_IN,ChoiceWallIR,0,null
200876.109,DIGITAL_IN,ChoiceWallIR,-1,null
201663.757,DIGITAL_IN,ChoiceWallIR,0,null
202139.545,DIGITAL_IN,ChoiceWallIR,-1,null
204290.585,DIGITAL_IN,Hole5NP,-1,null
205179.189,DIGITAL_IN,Hole5NP,0,null
205355.111,DIGITAL_IN,Hole5NP,-1,null
206134.763,DIGITAL_IN,Hole5NP,0,null
206754.486,DIGITAL_IN,Hole6NP,-1,null
206774.477,DIGITAL_IN,Hole6NP,0,null
206842.447,DIGITAL_IN,Hole6NP,-1,null
207162.304,DIGITAL_IN,Hole6NP,0,null
207750.042,DIGITAL_IN,Hole5NP,-1,null
207786.026,DIGITAL_IN,Hole5NP,0,null
207798.021,DIGITAL_IN,Hole5NP,-1,null
208441.734,DIGITAL_IN,Hole5NP,0,null
209693.175,DIGITAL_IN,Hole5NP,-1,null
209865.098,DIGITAL_IN,Hole5NP,0,null
210053.015,DIGITAL_IN,Hole5NP,-1,null
210696.727,DIGITAL_IN,Hole5NP,0,null
211785.242,DIGITAL_IN,Hole5NP,-1,null
212552.899,DIGITAL_IN,Hole5NP,0,null
214508.027,DIGITAL_IN,Hole5NP,-1,null
215143.743,DIGITAL_IN,Hole5NP,0,null
215231.704,DIGITAL_IN,Hole5NP,-1,null
215411.624,DIGITAL_IN,Hole5NP,0,null
217162.843,DIGITAL_IN,Hole5NP,-1,null
217334.766,DIGITAL_IN,Hole5NP,0,null
218159.398,DIGITAL_IN,Hole4NP,-1,null
218187.385,DIGITAL_IN,Hole4NP,0,null
218195.382,DIGITAL_IN,Hole4NP,-1,null
218367.305,DIGITAL_IN,ChoiceWallIR,0,null
218391.295,DIGITAL_IN,ChoiceWallIR,-1,null
218475.257,DIGITAL_IN,Hole4NP,0,null
218495.248,DIGITAL_IN,Hole4NP,-1,null
218523.236,DIGITAL_IN,Hole4NP,0,null
218739.139,DIGITAL_IN,Hole4NP,-1,null
218751.134,DIGITAL_IN,Hole4NP,0,null
218787.118,DIGITAL_IN,Hole4NP,-1,null
219702.709,DIGITAL_IN,Hole4NP,0,null
220162.504,DIGITAL_IN,Hole5NP,-1,null
220430.385,DIGITAL_IN,Hole5NP,0,null
220502.353,DIGITAL_IN,Hole5NP,-1,null
221034.115,DIGITAL_IN,Hole5NP,0,null
222005.682,DIGITAL_IN,ChoiceWallIR,0,null
222017.677,DIGITAL_IN,Hole4NP,-1,null
222053.661,DIGITAL_IN,ChoiceWallIR,-1,null
222053.661,DIGITAL_IN,Hole4NP,0,null
222273.562,DIGITAL_IN,ChoiceWallIR,0,null
222429.493,DIGITAL_IN,ChoiceWallIR,-1,null
222757.347,DIGITAL_IN,ChoiceWallIR,0,null
222789.332,DIGITAL_IN,Hole5NP,-1,null
222837.311,DIGITAL_IN,ChoiceWallIR,-1,null
222845.307,DIGITAL_IN,ChoiceWallIR,0,null
223556.99,DIGITAL_IN,Hole5NP,0,null
223564.986,DIGITAL_IN,ChoiceWallIR,-1,null
224004.79,DIGITAL_IN,Hole5NP,-1,null
224173.715,DIGITAL_IN,ChoiceWallIR,0,null
224245.683,DIGITAL_IN,ChoiceWallIR,-1,null
224257.677,DIGITAL_IN,ChoiceWallIR,0,null
224821.426,DIGITAL_IN,Hole5NP,0,null
224829.422,DIGITAL_IN,ChoiceWallIR,-1,null
224853.411,DIGITAL_IN,ChoiceWallIR,0,null
224933.376,DIGITAL_IN,ChoiceWallIR,-1,null
225501.122,DIGITAL_IN,Hole5NP,-1,null
225517.115,DIGITAL_IN,Hole5NP,0,null
225924.933,DIGITAL_IN,ChoiceWallIR,0,null
226308.762,DIGITAL_IN,ChoiceWallIR,-1,null
227576.197,DIGITAL_IN,Hole5NP,-1,null
227604.184,DIGITAL_IN,ChoiceWallIR,0,null
228363.847,DIGITAL_IN,ChoiceWallIR,-1,null
228371.842,DIGITAL_IN,Hole5NP,0,null
228559.758,DIGITAL_IN,ChoiceWallIR,0,null
228867.621,DIGITAL_IN,Hole6NP,-1,null
228919.597,DIGITAL_IN,ChoiceWallIR,-1,null
228923.596,DIGITAL_IN,ChoiceWallIR,0,null
228939.588,DIGITAL_IN,Hole6NP,0,null
229087.522,DIGITAL_IN,ChoiceWallIR,-1,null
230815.751,DIGITAL_IN,ChoiceWallIR,0,null
230839.741,DIGITAL_IN,Hole5NP,-1,null
230999.669,DIGITAL_IN,Hole5NP,0,null
231011.664,DIGITAL_IN,ChoiceWallIR,-1,null
231127.612,DIGITAL_IN,ChoiceWallIR,0,null
231227.568,DIGITAL_IN,ChoiceWallIR,-1,null
231791.316,DIGITAL_IN,ChoiceWallIR,0,null
231955.243,DIGITAL_IN,Hole6NP,-1,null
232255.109,DIGITAL_IN,Hole6NP,0,null
232343.07,DIGITAL_IN,ChoiceWallIR,-1,null
232622.945,DIGITAL_IN,ChoiceWallIR,0,null
232630.943,DIGITAL_IN,Hole5NP,-1,null
233298.644,DIGITAL_IN,Hole5NP,0,null
234110.281,DIGITAL_IN,ChoiceWallIR,-1,null
234738.001,DIGITAL_IN,ChoiceWallIR,0,null
234785.98,DIGITAL_IN,ChoiceWallIR,-1,null
235133.825,DIGITAL_IN,ChoiceWallIR,0,null
235325.739,DIGITAL_IN,TrayWallIR,-1,null
237357.833,DIGITAL_IN,TrayWallIR,0,null
237477.779,DIGITAL_IN,TrayWallIR,-1,null
238421.358,DIGITAL_IN,TrayWallIR,0,null
239089.06,DIGITAL_IN,ChoiceWallIR,-1,null
239496.878,DIGITAL_IN,ChoiceWallIR,0,null
239556.852,DIGITAL_IN,ChoiceWallIR,-1,null
239588.837,DIGITAL_IN,ChoiceWallIR,0,null
239744.768,DIGITAL_IN,Hole5NP,-1,null
240324.509,DIGITAL_IN,Hole5NP,0,null
241404.027,DIGITAL_IN,Hole5NP,-1,null
241460.002,DIGITAL_IN,Hole5NP,0,null
242111.712,DIGITAL_IN,Hole5NP,-1,null
243031.301,DIGITAL_IN,Hole5NP,0,null
243267.196,DIGITAL_IN,ChoiceWallIR,-1,null
243347.16,DIGITAL_IN,ChoiceWallIR,0,null
243487.098,DIGITAL_IN,ChoiceWallIR,-1,null
244095.826,DIGITAL_IN,ChoiceWallIR,0,null
244111.819,DIGITAL_IN,Hole5NP,-1,null
244779.521,DIGITAL_IN,Hole5NP,0,null
244835.496,DIGITAL_IN,Hole5NP,-1,null
245111.373,DIGITAL_IN,Hole5NP,0,null
245671.124,DIGITAL_IN,Hole6NP,-1,null
245711.106,DIGITAL_IN,Hole6NP,0,null
245783.074,DIGITAL_IN,Hole6NP,-1,null
245783.409,PROGRAMMATIC,PITimerEvent,-1,null
245783.409,ALWAYS,ITI,-1,null
245827.054,DIGITAL_IN,Hole6NP,0,null
245990.981,DIGITAL_IN,ChoiceWallIR,-1,null
246102.931,DIGITAL_IN,ChoiceWallIR,0,null
246550.731,DIGITAL_IN,Hole5NP,-1,null
246722.654,DIGITAL_IN,Hole5NP,0,null
246814.613,DIGITAL_IN,Hole5NP,-1,null
247290.401,DIGITAL_IN,Hole5NP,0,null
247494.31,DIGITAL_IN,ChoiceWallIR,-1,null
248865.699,DIGITAL_IN,Hole5NP,-1,null
248941.664,DIGITAL_IN,Hole5NP,0,null
248965.654,DIGITAL_IN,Hole5NP,-1,null
249945.217,DIGITAL_IN,Hole5NP,0,null
250181.111,DIGITAL_IN,Hole5NP,-1,null
250197.104,DIGITAL_IN,ChoiceWallIR,0,null
250242.084,DIGITAL_IN,Hole5NP,0,null
251145.681,DIGITAL_IN,Hole4NP,-1,null
251213.651,DIGITAL_IN,Hole4NP,0,null
251261.629,DIGITAL_IN,Hole4NP,-1,null
251773.401,DIGITAL_IN,ChoiceWallIR,-1,null
253096.811,DIGITAL_IN,Hole4NP,0,null
253400.675,DIGITAL_IN,ChoiceWallIR,0,null
253512.625,DIGITAL_IN,ChoiceWallIR,-1,null
254240.3,DIGITAL_IN,ChoiceWallIR,0,null
254708.092,DIGITAL_IN,ChoiceWallIR,-1,null
256860.132,DIGITAL_IN,ChoiceWallIR,0,null
256900.114,DIGITAL_IN,ChoiceWallIR,-1,null
257068.039,DIGITAL_IN,ChoiceWallIR,0,null
257547.825,DIGITAL_IN,ChoiceWallIR,-1,null
257583.809,DIGITAL_IN,ChoiceWallIR,0,null
258099.579,DIGITAL_IN,ChoiceWallIR,-1,null
258203.532,DIGITAL_IN,ChoiceWallIR,0,null
258511.395,DIGITAL_IN,ChoiceWallIR,-1,null
258515.394,DIGITAL_IN,ChoiceWallIR,0,null
258559.374,DIGITAL_IN,ChoiceWallIR,-1,null
258595.358,DIGITAL_IN,ChoiceWallIR,0,null
258755.286,DIGITAL_IN,ChoiceWallIR,-1,null
259063.149,DIGITAL_IN,ChoiceWallIR,0,null
259115.125,DIGITAL_IN,ChoiceWallIR,-1,null
259167.102,DIGITAL_IN,ChoiceWallIR,0,null
259215.081,DIGITAL_IN,ChoiceWallIR,-1,null
259838.803,DIGITAL_IN,ChoiceWallIR,0,null
260534.492,DIGITAL_IN,TrayWallIR,-1,null
261709.968,DIGITAL_IN,TrayWallIR,0,null
264641.66,DIGITAL_IN,TrayWallIR,-1,null
264669.647,DIGITAL_IN,TrayWallIR,0,null
265277.376,DIGITAL_IN,TrayWallIR,-1,null
265321.357,DIGITAL_IN,TrayWallIR,0,null
265783.409,PROGRAMMATIC,ITITimerEvent,-1,null
266284.927,DIGITAL_IN,TrayWallIR,-1,null
267204.516,DIGITAL_IN,TrayWallIR,0,null
267312.468,DIGITAL_IN,TrayWallIR,-1,null
267376.44,DIGITAL_IN,TrayWallIR,0,null
267408.425,DIGITAL_IN,TrayWallIR,-1,null
267452.406,DIGITAL_IN,TrayWallIR,0,null
269832.344,DIGITAL_IN,ChoiceWallIR,-1,null
269872.326,DIGITAL_IN,ChoiceWallIR,0,null
269980.278,DIGITAL_IN,ChoiceWallIR,-1,null
270075.409,PROGRAMMATIC,RandITITimerEvent,-1,null
270075.409,PROGRAMMATIC,FIEvent,-1,null
270635.985,DIGITAL_IN,Hole6NP,-1,null
270695.959,DIGITAL_IN,Hole6NP,0,null
270931.854,DIGITAL_IN,Hole5NP,-1,null
271383.652,DIGITAL_IN,Hole5NP,0,null
271871.434,DIGITAL_IN,ChoiceWallIR,0,null
271907.418,DIGITAL_IN,Hole5NP,-1,null
272391.202,DIGITAL_IN,Hole5NP,0,null
272707.061,DIGITAL_IN,Hole6NP,-1,null
272819.012,DIGITAL_IN,Hole6NP,0,null
272906.972,DIGITAL_IN,ChoiceWallIR,-1,null
273006.928,DIGITAL_IN,ChoiceWallIR,0,null
273006.928,DIGITAL_IN,Hole5NP,-1,null
273218.833,DIGITAL_IN,Hole5NP,0,null
274266.366,DIGITAL_IN,ChoiceWallIR,-1,null
274382.314,DIGITAL_IN,ChoiceWallIR,0,null
274550.239,DIGITAL_IN,Hole5NP,-1,null
275109.989,DIGITAL_IN,Hole5NP,0,null
275189.955,DIGITAL_IN,Hole5NP,-1,null
275193.953,DIGITAL_IN,Hole5NP,0,null
275217.941,DIGITAL_IN,Hole5NP,-1,null
275605.768,DIGITAL_IN,Hole5NP,0,null
275657.745,DIGITAL_IN,ChoiceWallIR,-1,null
275945.617,DIGITAL_IN,ChoiceWallIR,0,null
276221.494,DIGITAL_IN,ChoiceWallIR,-1,null
276325.447,DIGITAL_IN,ChoiceWallIR,0,null
276390.418,DIGITAL_IN,ChoiceWallIR,-1,null
276714.274,DIGITAL_IN,ChoiceWallIR,0,null
276758.254,DIGITAL_IN,Hole5NP,-1,null
277254.033,DIGITAL_IN,Hole5NP,0,null
277489.928,DIGITAL_IN,Hole5NP,-1,null
277769.803,DIGITAL_IN,Hole5NP,0,null
277789.794,DIGITAL_IN,ChoiceWallIR,-1,null
277937.728,DIGITAL_IN,ChoiceWallIR,0,null
278161.628,DIGITAL_IN,ChoiceWallIR,-1,null
278561.45,DIGITAL_IN,Hole5NP,-1,null
278577.442,DIGITAL_IN,ChoiceWallIR,0,null
278785.35,DIGITAL_IN,ChoiceWallIR,-1,null
278937.282,DIGITAL_IN,Hole5NP,0,null
278973.266,DIGITAL_IN,ChoiceWallIR,0,null
279297.121,DIGITAL_IN,ChoiceWallIR,-1,null
279333.105,DIGITAL_IN,ChoiceWallIR,0,null
279373.087,DIGITAL_IN,ChoiceWallIR,-1,null
279728.929,DIGITAL_IN,Hole4NP,-1,null
279744.922,DIGITAL_IN,Hole4NP,0,null
279816.889,DIGITAL_IN,Hole4NP,-1,null
280000.807,DIGITAL_IN,Hole4NP,0,null
280172.731,DIGITAL_IN,Hole5NP,-1,null
280224.707,DIGITAL_IN,ChoiceWallIR,0,null
280648.518,DIGITAL_IN,Hole5NP,0,null
281296.229,DIGITAL_IN,ChoiceWallIR,-1,null
281544.119,DIGITAL_IN,ChoiceWallIR,0,null
281568.108,DIGITAL_IN,Hole5NP,-1,null
281612.088,DIGITAL_IN,Hole5NP,0,null
281632.08,DIGITAL_IN,ChoiceWallIR,-1,null
282563.664,DIGITAL_IN,Hole5NP,-1,null
282599.648,DIGITAL_IN,Hole5NP,0,null
282695.605,DIGITAL_IN,ChoiceWallIR,0,null
282791.562,DIGITAL_IN,ChoiceWallIR,-1,null
284135.962,DIGITAL_IN,ChoiceWallIR,0,null
284271.902,DIGITAL_IN,Hole5NP,-1,null
285075.409,PROGRAMMATIC,FITimerEvent,-1,null
285175.499,DIGITAL_IN,Hole5NP,0,null
285603.308,DIGITAL_IN,Hole6NP,-1,null
285731.251,DIGITAL_IN,Hole6NP,0,null
285747.244,DIGITAL_IN,ChoiceWallIR,-1,null
285939.158,DIGITAL_IN,ChoiceWallIR,0,null
285955.151,DIGITAL_IN,Hole5NP,-1,null
285955.151,PROGRAMMATIC,Hole5Event,-1,null
286003.129,DIGITAL_IN,Hole5NP,0,null
286015.124,DIGITAL_IN,ChoiceWallIR,-1,null
286023.12,DIGITAL_IN,ChoiceWallIR,0,null
286354.972,DIGITAL_IN,ChoiceWallIR,-1,null
286394.955,DIGITAL_IN,ChoiceWallIR,0,null
286426.94,DIGITAL_IN,ChoiceWallIR,-1,null
286446.931,DIGITAL_IN,ChoiceWallIR,0,null
286490.912,DIGITAL_IN,ChoiceWallIR,-1,null
286626.851,DIGITAL_IN,ChoiceWallIR,0,null
286646.842,DIGITAL_IN,ChoiceWallIR,-1,null
286674.83,DIGITAL_IN,ChoiceWallIR,0,null
286930.716,DIGITAL_IN,TrayWallIR,-1,null
287155.151,PROGRAMMATIC,FeederTimerEvent,-1,null
287155.151,ALWAYS,ITI,-1,null
299335.181,DIGITAL_IN,TrayWallIR,0,null
299603.062,DIGITAL_IN,TrayWallIR,-1,null
299898.93,DIGITAL_IN,TrayWallIR,0,null
301370.273,DIGITAL_IN,TrayWallIR,-1,null
301434.245,DIGITAL_IN,TrayWallIR,0,null
301526.204,DIGITAL_IN,TrayWallIR,-1,null
301534.2,DIGITAL_IN,TrayWallIR,0,null
301798.083,DIGITAL_IN,TrayWallIR,-1,null
301954.013,DIGITAL_IN,TrayWallIR,0,null
302201.902,DIGITAL_IN,TrayWallIR,-1,null
302213.897,DIGITAL_IN,TrayWallIR,0,null
302958.565,DIGITAL_IN,TrayWallIR,-1,null
303390.372,DIGITAL_IN,TrayWallIR,0,null
303950.122,DIGITAL_IN,TrayWallIR,-1,null
304010.096,DIGITAL_IN,TrayWallIR,0,null
307155.151,PROGRAMMATIC,ITITimerEvent,-1,null
307872.372,DIGITAL_IN,TrayWallIR,-1,null
308292.185,DIGITAL_IN,TrayWallIR,0,null
308408.133,DIGITAL_IN,TrayWallIR,-1,null
309500.646,DIGITAL_IN,TrayWallIR,0,null
309588.607,DIGITAL_IN,TrayWallIR,-1,null
310892.025,DIGITAL_IN,TrayWallIR,0,null
312075.497,DIGITAL_IN,ChoiceWallIR,-1,null
312083.494,DIGITAL_IN,ChoiceWallIR,0,null
312107.483,DIGITAL_IN,ChoiceWallIR,-1,null
312299.397,DIGITAL_IN,ChoiceWallIR,0,null
312399.353,DIGITAL_IN,ChoiceWallIR,-1,null
312447.331,DIGITAL_IN,ChoiceWallIR,0,null
312679.228,DIGITAL_IN,Hole5NP,-1,null
312747.199,DIGITAL_IN,Hole5NP,0,null
312879.139,DIGITAL_IN,Hole5NP,-1,null
313079.049,DIGITAL_IN,Hole5NP,0,null
313119.032,DIGITAL_IN,ChoiceWallIR,-1,null
313135.024,DIGITAL_IN,ChoiceWallIR,0,null
313183.003,DIGITAL_IN,Hole5NP,-1,null
313718.764,DIGITAL_IN,Hole5NP,0,null
313830.714,DIGITAL_IN,Hole5NP,-1,null
313966.653,DIGITAL_IN,Hole5NP,0,null
314090.598,DIGITAL_IN,Hole5NP,-1,null
314122.584,DIGITAL_IN,Hole5NP,0,null
314274.516,DIGITAL_IN,ChoiceWallIR,-1,null
314310.5,DIGITAL_IN,ChoiceWallIR,0,null
314590.375,DIGITAL_IN,Hole6NP,-1,null
314634.356,DIGITAL_IN,Hole6NP,0,null
314648.151,PROGRAMMATIC,RandITITimerEvent,-1,null
314648.151,PROGRAMMATIC,PIEvent,-1,null
314686.332,DIGITAL_IN,Hole6NP,-1,null
314722.316,DIGITAL_IN,ChoiceWallIR,-1,null
314746.306,DIGITAL_IN,Hole6NP,0,null
315658.898,DIGITAL_IN,Hole5NP,-1,null
316362.585,DIGITAL_IN,Hole5NP,0,null
316514.517,DIGITAL_IN,Hole5NP,-1,null
317210.207,DIGITAL_IN,Hole5NP,0,null
317634.017,DIGITAL_IN,Hole6NP,-1,null
318037.837,DIGITAL_IN,Hole6NP,0,null
318773.509,DIGITAL_IN,Hole5NP,-1,null
319153.339,DIGITAL_IN,Hole5NP,0,null
320268.845,DIGITAL_IN,ChoiceWallIR,0,null
320348.806,DIGITAL_IN,Hole5NP,-1,null
320892.563,DIGITAL_IN,ChoiceWallIR,-1,null
320892.563,DIGITAL_IN,Hole5NP,0,null
320924.549,DIGITAL_IN,ChoiceWallIR,0,null
320956.535,DIGITAL_IN,Hole5NP,-1,null
321384.344,DIGITAL_IN,Hole5NP,0,null
321492.296,DIGITAL_IN,ChoiceWallIR,-1,null
322652.778,DIGITAL_IN,ChoiceWallIR,0,null
323252.511,DIGITAL_IN,ChoiceWallIR,-1,null
323816.259,DIGITAL_IN,ChoiceWallIR,0,null
323840.248,DIGITAL_IN,ChoiceWallIR,-1,null
323848.245,DIGITAL_IN,ChoiceWallIR,0,null
323892.225,DIGITAL_IN,ChoiceWallIR,-1,null
324919.767,DIGITAL_IN,ChoiceWallIR,0,null
325035.715,DIGITAL_IN,ChoiceWallIR,-1,null
325163.658,DIGITAL_IN,ChoiceWallIR,0,null
325423.542,DIGITAL_IN,ChoiceWallIR,-1,null
325495.51,DIGITAL_IN,ChoiceWallIR,0,null
326451.083,DIGITAL_IN,ChoiceWallIR,-1,null
328374.225,DIGITAL_IN,Hole5NP,-1,null
328398.215,DIGITAL_IN,Hole5NP,0,null
328458.188,DIGITAL_IN,Hole5NP,-1,null
328522.16,DIGITAL_IN,Hole5NP,0,null
329018.939,DIGITAL_IN,Hole5NP,-1,null
329762.606,DIGITAL_IN,Hole5NP,0,null
329922.535,DIGITAL_IN,Hole5NP,-1,null
330582.24,DIGITAL_IN,Hole5NP,0,null
331481.839,DIGITAL_IN,Hole5NP,-1,null
332157.538,DIGITAL_IN,Hole5NP,0,null
332293.477,DIGITAL_IN,Hole5NP,-1,null
333037.145,DIGITAL_IN,Hole5NP,0,null
334420.528,DIGITAL_IN,Hole5NP,-1,null
335020.26,DIGITAL_IN,Hole5NP,0,null
337412.193,DIGITAL_IN,Hole4NP,-1,null
337552.131,DIGITAL_IN,Hole4NP,0,null
337748.043,DIGITAL_IN,Hole5NP,-1,null
338415.746,DIGITAL_IN,Hole5NP,0,null
338475.719,DIGITAL_IN,Hole5NP,-1,null
338499.708,DIGITAL_IN,Hole5NP,0,null
338519.699,DIGITAL_IN,Hole5NP,-1,null
339315.344,DIGITAL_IN,Hole5NP,0,null
339447.285,DIGITAL_IN,ChoiceWallIR,0,null
339667.187,DIGITAL_IN,ChoiceWallIR,-1,null
340126.982,DIGITAL_IN,ChoiceWallIR,0,null
340194.952,DIGITAL_IN,ChoiceWallIR,-1,null
340706.723,DIGITAL_IN,ChoiceWallIR,0,null
341374.425,DIGITAL_IN,Hole5NP,-1,null
341386.42,DIGITAL_IN,Hole5NP,0,null
341626.313,DIGITAL_IN,Hole5NP,-1,null
341646.304,DIGITAL_IN,Hole5NP,0,null
341779.245,DIGITAL_IN,Hole5NP,-1,null
342382.975,DIGITAL_IN,Hole5NP,0,null
342446.948,DIGITAL_IN,ChoiceWallIR,-1,null
343022.69,DIGITAL_IN,ChoiceWallIR,0,null
343350.544,DIGITAL_IN,ChoiceWallIR,-1,null
343610.428,DIGITAL_IN,ChoiceWallIR,0,null
343778.353,DIGITAL_IN,ChoiceWallIR,-1,null
343862.316,DIGITAL_IN,Hole5NP,-1,null
344042.235,DIGITAL_IN,Hole5NP,0,null
344074.221,DIGITAL_IN,ChoiceWallIR,0,null
344182.173,DIGITAL_IN,Hole5NP,-1,null
344757.916,DIGITAL_IN,Hole5NP,0,null
345117.755,DIGITAL_IN,Hole6NP,-1,null
345389.634,DIGITAL_IN,Hole6NP,0,null
345549.563,DIGITAL_IN,ChoiceWallIR,-1,null
345741.477,DIGITAL_IN,ChoiceWallIR,0,null
346253.249,DIGITAL_IN,Hole5NP,-1,null
347572.66,DIGITAL_IN,Hole5NP,0,null
347592.651,DIGITAL_IN,ChoiceWallIR,-1,null
347644.628,DIGITAL_IN,ChoiceWallIR,0,null
347796.561,DIGITAL_IN,ChoiceWallIR,-1,null
348709.153,DIGITAL_IN,Hole5NP,-1,null
349104.976,DIGITAL_IN,Hole5NP,0,null
349208.93,DIGITAL_IN,Hole5NP,-1,null
349216.926,DIGITAL_IN,Hole5NP,0,null
349228.921,DIGITAL_IN,Hole5NP,-1,null
349264.905,DIGITAL_IN,ChoiceWallIR,0,null
349388.85,DIGITAL_IN,Hole5NP,0,null
349400.844,DIGITAL_IN,ChoiceWallIR,-1,null
349500.8,DIGITAL_IN,ChoiceWallIR,0,null
350096.534,DIGITAL_IN,ChoiceWallIR,-1,null
350328.431,DIGITAL_IN,ChoiceWallIR,0,null
350400.399,DIGITAL_IN,Hole5NP,-1,null
350496.356,DIGITAL_IN,ChoiceWallIR,-1,null
351052.108,DIGITAL_IN,Hole5NP,0,null
351088.092,DIGITAL_IN,ChoiceWallIR,0,null
351156.061,DIGITAL_IN,Hole5NP,-1,null
351415.945,DIGITAL_IN,ChoiceWallIR,-1,null
351419.945,DIGITAL_IN,Hole5NP,0,null
351463.924,DIGITAL_IN,ChoiceWallIR,0,null
351607.86,DIGITAL_IN,ChoiceWallIR,-1,null
351915.722,DIGITAL_IN,ChoiceWallIR,0,null
352627.405,DIGITAL_IN,ChoiceWallIR,-1,null
353399.061,DIGITAL_IN,ChoiceWallIR,0,null
353515.009,DIGITAL_IN,ChoiceWallIR,-1,null
354899.391,DIGITAL_IN,ChoiceWallIR,0,null
355015.34,DIGITAL_IN,Hole5NP,-1,null
355075.313,DIGITAL_IN,Hole5NP,0,null
355087.307,DIGITAL_IN,Hole5NP,-1,null
356042.881,DIGITAL_IN,ChoiceWallIR,-1,null
356058.874,DIGITAL_IN,Hole5NP,0,null
356094.858,DIGITAL_IN,ChoiceWallIR,0,null
356598.633,DIGITAL_IN,ChoiceWallIR,-1,null
356978.464,DIGITAL_IN,ChoiceWallIR,0,null
357006.451,DIGITAL_IN,ChoiceWallIR,-1,null
357190.369,DIGITAL_IN,ChoiceWallIR,0,null
357222.355,DIGITAL_IN,ChoiceWallIR,-1,null
357254.341,DIGITAL_IN,ChoiceWallIR,0,null
357318.312,DIGITAL_IN,ChoiceWallIR,-1,null
357682.15,DIGITAL_IN,ChoiceWallIR,0,null
357730.128,DIGITAL_IN,ChoiceWallIR,-1,null
358505.782,DIGITAL_IN,ChoiceWallIR,0,null
359025.55,DIGITAL_IN,ChoiceWallIR,-1,null
359648.151,PROGRAMMATIC,PITimerEvent,-1,null
359648.151,ALWAYS,ITI,-1,null
360448.915,DIGITAL_IN,ChoiceWallIR,0,null
360996.671,DIGITAL_IN,ChoiceWallIR,-1,null
374637.585,DIGITAL_IN,ChoiceWallIR,0,null
374745.537,DIGITAL_IN,ChoiceWallIR,-1,null
374765.528,DIGITAL_IN,ChoiceWallIR,0,null
375385.252,DIGITAL_IN,ChoiceWallIR,-1,null
376052.954,DIGITAL_IN,ChoiceWallIR,0,null
377056.506,DIGITAL_IN,ChoiceWallIR,-1,null
379648.151,PROGRAMMATIC,ITITimerEvent,-1,null
380547.151,PROGRAMMATIC,RandITITimerEvent,-1,null
380547.151,PROGRAMMATIC,FIEvent,-1,null
381963.317,DIGITAL_IN,Hole5NP,-1,null
381991.304,DIGITAL_IN,Hole5NP,0,null
382039.283,DIGITAL_IN,Hole5NP,-1,null
382958.873,DIGITAL_IN,Hole5NP,0,null
384274.286,DIGITAL_IN,Hole5NP,-1,null
384666.111,DIGITAL_IN,Hole5NP,0,null
386161.444,DIGITAL_IN,Hole5NP,-1,null
386197.428,DIGITAL_IN,ChoiceWallIR,0,null
386209.422,DIGITAL_IN,ChoiceWallIR,-1,null
386901.114,DIGITAL_IN,Hole5NP,0,null
387857.687,DIGITAL_IN,Hole5NP,-1,null
388473.412,DIGITAL_IN,Hole5NP,0,null
389373.011,DIGITAL_IN,ChoiceWallIR,0,null
390768.388,DIGITAL_IN,ChoiceWallIR,-1,null
390856.349,DIGITAL_IN,ChoiceWallIR,0,null
390880.338,DIGITAL_IN,ChoiceWallIR,-1,null
390912.324,DIGITAL_IN,ChoiceWallIR,0,null
391080.249,DIGITAL_IN,ChoiceWallIR,-1,null
391456.082,DIGITAL_IN,ChoiceWallIR,0,null
391628.005,DIGITAL_IN,ChoiceWallIR,-1,null
391675.983,DIGITAL_IN,ChoiceWallIR,0,null
391747.951,DIGITAL_IN,ChoiceWallIR,-1,null
392735.511,DIGITAL_IN,Hole5NP,-1,null
392767.496,DIGITAL_IN,Hole5NP,0,null
392819.473,DIGITAL_IN,ChoiceWallIR,0,null
392863.454,DIGITAL_IN,Hole5NP,-1,null
392871.45,DIGITAL_IN,Hole5NP,0,null
392899.438,DIGITAL_IN,Hole5NP,-1,null
392999.393,DIGITAL_IN,Hole5NP,0,null
393035.377,DIGITAL_IN,Hole5NP,-1,null
393411.209,DIGITAL_IN,Hole5NP,0,null
393543.15,DIGITAL_IN,ChoiceWallIR,-1,null
393599.125,DIGITAL_IN,ChoiceWallIR,0,null
393651.102,DIGITAL_IN,ChoiceWallIR,-1,null
393799.036,DIGITAL_IN,ChoiceWallIR,0,null
393879.002,DIGITAL_IN,ChoiceWallIR,-1,null
394623.668,DIGITAL_IN,ChoiceWallIR,0,null
394631.665,DIGITAL_IN,ChoiceWallIR,-1,null
394647.658,DIGITAL_IN,ChoiceWallIR,0,null
394695.636,DIGITAL_IN,ChoiceWallIR,-1,null
395327.354,DIGITAL_IN,ChoiceWallIR,0,null
395367.336,DIGITAL_IN,ChoiceWallIR,-1,null
395547.151,PROGRAMMATIC,FITimerEvent,-1,null
396011.049,DIGITAL_IN,ChoiceWallIR,0,null
396063.026,DIGITAL_IN,ChoiceWallIR,-1,null
396498.832,DIGITAL_IN,ChoiceWallIR,0,null
397762.268,DIGITAL_IN,Hole5NP,-1,null
397762.268,PROGRAMMATIC,Hole5Event,-1,null
397798.252,DIGITAL_IN,Hole5NP,0,null
397978.172,DIGITAL_IN,ChoiceWallIR,-1,null
398022.152,DIGITAL_IN,ChoiceWallIR,0,null
398350.006,DIGITAL_IN,TrayWallIR,-1,null
398962.268,PROGRAMMATIC,FeederTimerEvent,-1,null
398962.268,ALWAYS,ITI,-1,null
406739.263,DIGITAL_IN,TrayWallIR,0,null
406903.19,DIGITAL_IN,TrayWallIR,-1,null
414825.655,DIGITAL_IN,TrayWallIR,0,null
414853.643,DIGITAL_IN,TrayWallIR,-1,null
414949.6,DIGITAL_IN,TrayWallIR,0,null
416253.018,DIGITAL_IN,TrayWallIR,-1,null
416692.822,DIGITAL_IN,TrayWallIR,0,null
416924.719,DIGITAL_IN,TrayWallIR,-1,null
417732.358,DIGITAL_IN,TrayWallIR,0,null
417860.301,DIGITAL_IN,TrayWallIR,-1,null
418232.135,DIGITAL_IN,TrayWallIR,0,null
418555.991,DIGITAL_IN,TrayWallIR,-1,null
418962.268,PROGRAMMATIC,ITITimerEvent,-1,null
419123.738,DIGITAL_IN,TrayWallIR,0,null
419943.372,DIGITAL_IN,TrayWallIR,-1,null
420508.12,DIGITAL_IN,TrayWallIR,0,null
421403.72,DIGITAL_IN,ChoiceWallIR,-1,null
423898.607,DIGITAL_IN,ChoiceWallIR,0,null
423918.598,DIGITAL_IN,ChoiceWallIR,-1,null
426165.596,DIGITAL_IN,ChoiceWallIR,0,null
426369.505,DIGITAL_IN,TrayWallIR,-1,null
426666.372,DIGITAL_IN,TrayWallIR,0,null
427626.268,PROGRAMMATIC,RandITITimerEvent,-1,null
427626.268,PROGRAMMATIC,PIEvent,-1,null
427685.918,DIGITAL_IN,ChoiceWallIR,-1,null
427725.9,DIGITAL_IN,ChoiceWallIR,0,null
427853.843,DIGITAL_IN,ChoiceWallIR,-1,null
431844.062,DIGITAL_IN,Hole5NP,-1,null
432407.811,DIGITAL_IN,Hole5NP,0,null
433147.481,DIGITAL_IN,Hole5NP,-1,null
433232.443,DIGITAL_IN,Hole5NP,0,null
434291.97,DIGITAL_IN,Hole5NP,-1,null
434931.685,DIGITAL_IN,Hole5NP,0,null
435227.553,DIGITAL_IN,Hole5NP,-1,null
435803.296,DIGITAL_IN,Hole5NP,0,null
436498.986,DIGITAL_IN,Hole5NP,-1,null
436950.784,DIGITAL_IN,Hole5NP,0,null
437058.736,DIGITAL_IN,Hole5NP,-1,null
437606.491,DIGITAL_IN,Hole5NP,0,null
438885.921,DIGITAL_IN,Hole5NP,-1,null
439409.687,DIGITAL_IN,Hole5NP,0,null
439473.658,DIGITAL_IN,Hole5NP,-1,null
439521.637,DIGITAL_IN,ChoiceWallIR,0,null
439577.612,DIGITAL_IN,ChoiceWallIR,-1,null
440254.31,DIGITAL_IN,Hole5NP,0,null
440502.199,DIGITAL_IN,ChoiceWallIR,0,null
440550.178,DIGITAL_IN,ChoiceWallIR,-1,null
440746.091,DIGITAL_IN,ChoiceWallIR,0,null
440910.018,DIGITAL_IN,ChoiceWallIR,-1,null
440918.014,DIGITAL_IN,ChoiceWallIR,0,null
440938.005,DIGITAL_IN,ChoiceWallIR,-1,null
440965.993,DIGITAL_IN,ChoiceWallIR,0,null
441213.882,DIGITAL_IN,ChoiceWallIR,-1,null
441257.862,DIGITAL_IN,ChoiceWallIR,0,null
441377.809,DIGITAL_IN,ChoiceWallIR,-1,null
441621.7,DIGITAL_IN,ChoiceWallIR,0,null
441713.659,DIGITAL_IN,Hole5NP,-1,null
441737.648,DIGITAL_IN,ChoiceWallIR,-1,null
441749.643,DIGITAL_IN,Hole5NP,0,null
442037.514,DIGITAL_IN,Hole5NP,-1,null
442085.493,DIGITAL_IN,ChoiceWallIR,0,null
442925.118,DIGITAL_IN,Hole5NP,0,null
443204.994,DIGITAL_IN,Hole5NP,-1,null
443724.762,DIGITAL_IN,Hole5NP,0,null
443760.746,DIGITAL_IN,Hole5NP,-1,null
443824.717,DIGITAL_IN,Hole5NP,0,null
443924.673,DIGITAL_IN,ChoiceWallIR,-1,null
443976.649,DIGITAL_IN,ChoiceWallIR,0,null
444584.378,DIGITAL_IN,ChoiceWallIR,-1,null
444596.373,DIGITAL_IN,ChoiceWallIR,0,null
444624.36,DIGITAL_IN,ChoiceWallIR,-1,null
444632.357,DIGITAL_IN,ChoiceWallIR,0,null
444640.353,DIGITAL_IN,ChoiceWallIR,-1,null
444808.278,DIGITAL_IN,ChoiceWallIR,0,null
445248.082,DIGITAL_IN,ChoiceWallIR,-1,null
445280.068,DIGITAL_IN,ChoiceWallIR,0,null
445360.032,DIGITAL_IN,Hole5NP,-1,null
446067.716,DIGITAL_IN,Hole5NP,0,null
446340.595,DIGITAL_IN,ChoiceWallIR,-1,null
446932.331,DIGITAL_IN,Hole5NP,-1,null
446940.327,DIGITAL_IN,ChoiceWallIR,0,null
447144.236,DIGITAL_IN,ChoiceWallIR,-1,null
447552.054,DIGITAL_IN,Hole5NP,0,null
447711.983,DIGITAL_IN,ChoiceWallIR,0,null
447803.942,DIGITAL_IN,ChoiceWallIR,-1,null
447867.913,DIGITAL_IN,ChoiceWallIR,0,null
448079.819,DIGITAL_IN,ChoiceWallIR,-1,null
448095.812,DIGITAL_IN,ChoiceWallIR,0,null
448255.74,DIGITAL_IN,ChoiceWallIR,-1,null
448923.442,DIGITAL_IN,ChoiceWallIR,0,null
448967.423,DIGITAL_IN,ChoiceWallIR,-1,null
450342.809,DIGITAL_IN,ChoiceWallIR,0,null
450398.784,DIGITAL_IN,ChoiceWallIR,-1,null
450450.761,DIGITAL_IN,ChoiceWallIR,0,null
451178.436,DIGITAL_IN,ChoiceWallIR,-1,null
451202.426,DIGITAL_IN,ChoiceWallIR,0,null
451674.215,DIGITAL_IN,ChoiceWallIR,-1,null
451698.204,DIGITAL_IN,ChoiceWallIR,0,null
451730.19,DIGITAL_IN,ChoiceWallIR,-1,null
451786.166,DIGITAL_IN,ChoiceWallIR,0,null
451810.155,DIGITAL_IN,ChoiceWallIR,-1,null
452701.757,DIGITAL_IN,ChoiceWallIR,0,null
452814.706,DIGITAL_IN,ChoiceWallIR,-1,null
452886.674,DIGITAL_IN,ChoiceWallIR,0,null
452918.66,DIGITAL_IN,ChoiceWallIR,-1,null
452934.653,DIGITAL_IN,ChoiceWallIR,0,null
453134.564,DIGITAL_IN,TrayWallIR,-1,null
453490.405,DIGITAL_IN,TrayWallIR,0,null
454118.125,DIGITAL_IN,ChoiceWallIR,-1,null
454290.048,DIGITAL_IN,ChoiceWallIR,0,null
454350.021,DIGITAL_IN,ChoiceWallIR,-1,null
455085.693,DIGITAL_IN,ChoiceWallIR,0,null
455969.299,DIGITAL_IN,ChoiceWallIR,-1,null
456704.971,DIGITAL_IN,ChoiceWallIR,0,null
456780.937,DIGITAL_IN,ChoiceWallIR,-1,null
456860.901,DIGITAL_IN,ChoiceWallIR,0,null
456908.88,DIGITAL_IN,ChoiceWallIR,-1,null
457564.587,DIGITAL_IN,ChoiceWallIR,0,null
457656.546,DIGITAL_IN,Hole5NP,-1,null
457688.532,DIGITAL_IN,Hole5NP,0,null
457860.455,DIGITAL_IN,Hole5NP,-1,null
458576.136,DIGITAL_IN,Hole5NP,0,null
458712.075,DIGITAL_IN,ChoiceWallIR,-1,null
459251.834,DIGITAL_IN,ChoiceWallIR,0,null
459640.661,DIGITAL_IN,Hole5NP,-1,null
459704.632,DIGITAL_IN,Hole5NP,0,null
459724.623,DIGITAL_IN,Hole5NP,-1,null
459780.598,DIGITAL_IN,ChoiceWallIR,-1,null
459792.593,DIGITAL_IN,ChoiceWallIR,0,null
460348.345,DIGITAL_IN,Hole5NP,0,null
460532.263,DIGITAL_IN,ChoiceWallIR,-1,null
461072.022,DIGITAL_IN,ChoiceWallIR,0,null
461319.912,DIGITAL_IN,Hole5NP,-1,null
461471.844,DIGITAL_IN,Hole5NP,0,null
461499.831,DIGITAL_IN,Hole5NP,-1,null
461991.612,DIGITAL_IN,Hole5NP,0,null
462135.548,DIGITAL_IN,ChoiceWallIR,-1,null
462547.364,DIGITAL_IN,ChoiceWallIR,0,null
462579.35,DIGITAL_IN,Hole5NP,-1,null
462779.261,DIGITAL_IN,ChoiceWallIR,-1,null
462787.257,DIGITAL_IN,Hole5NP,0,null
462855.227,DIGITAL_IN,ChoiceWallIR,0,null
463191.077,DIGITAL_IN,ChoiceWallIR,-1,null
463482.947,DIGITAL_IN,ChoiceWallIR,0,null
463542.92,DIGITAL_IN,ChoiceWallIR,-1,null
463594.897,DIGITAL_IN,ChoiceWallIR,0,null
463634.879,DIGITAL_IN,Hole5NP,-1,null
463954.736,DIGITAL_IN,Hole5NP,0,null
463958.735,DIGITAL_IN,ChoiceWallIR,-1,null
464006.713,DIGITAL_IN,ChoiceWallIR,0,null
464066.686,DIGITAL_IN,ChoiceWallIR,-1,null
464130.658,DIGITAL_IN,ChoiceWallIR,0,null
464274.593,DIGITAL_IN,ChoiceWallIR,-1,null
464774.37,DIGITAL_IN,Hole5NP,-1,null
464786.365,DIGITAL_IN,ChoiceWallIR,0,null
464834.344,DIGITAL_IN,ChoiceWallIR,-1,null
465310.131,DIGITAL_IN,Hole5NP,0,null
465338.119,DIGITAL_IN,ChoiceWallIR,0,null
465370.105,DIGITAL_IN,Hole5NP,-1,null
465514.04,DIGITAL_IN,Hole5NP,0,null
465570.015,DIGITAL_IN,ChoiceWallIR,-1,null
466582.564,DIGITAL_IN,ChoiceWallIR,0,null
466694.514,DIGITAL_IN,ChoiceWallIR,-1,null
467354.219,DIGITAL_IN,Hole5NP,-1,null
467382.207,DIGITAL_IN,Hole5NP,0,null
467530.141,DIGITAL_IN,ChoiceWallIR,0,null
468173.854,DIGITAL_IN,Hole5NP,-1,null
468217.834,DIGITAL_IN,Hole5NP,0,null
468885.536,DIGITAL_IN,Hole5NP,-1,null
468949.508,DIGITAL_IN,Hole5NP,0,null
468985.492,DIGITAL_IN,ChoiceWallIR,-1,null
469349.329,DIGITAL_IN,ChoiceWallIR,0,null
469657.192,DIGITAL_IN,ChoiceWallIR,-1,null
469833.113,DIGITAL_IN,ChoiceWallIR,0,null
470212.944,DIGITAL_IN,ChoiceWallIR,-1,null
470412.855,DIGITAL_IN,ChoiceWallIR,0,null
470492.819,DIGITAL_IN,ChoiceWallIR,-1,null
470708.723,DIGITAL_IN,ChoiceWallIR,0,null
470972.605,DIGITAL_IN,ChoiceWallIR,-1,null
471224.493,DIGITAL_IN,ChoiceWallIR,0,null
471352.436,DIGITAL_IN,ChoiceWallIR,-1,null
471504.37,DIGITAL_IN,ChoiceWallIR,0,null
471924.181,DIGITAL_IN,ChoiceWallIR,-1,null
472196.059,DIGITAL_IN,ChoiceWallIR,0,null
472504.925,DIGITAL_IN,ChoiceWallIR,-1,null
472626.268,PROGRAMMATIC,PITimerEvent,-1,null
472626.268,ALWAYS,ITI,-1,null
472880.754,DIGITAL_IN,ChoiceWallIR,0,null
472988.706,DIGITAL_IN,ChoiceWallIR,-1,null
473336.55,DIGITAL_IN,ChoiceWallIR,0,null
473680.397,DIGITAL_IN,ChoiceWallIR,-1,null
473864.315,DIGITAL_IN,ChoiceWallIR,0,null
474595.989,DIGITAL_IN,ChoiceWallIR,-1,null
475211.714,DIGITAL_IN,ChoiceWallIR,0,null
475271.687,DIGITAL_IN,ChoiceWallIR,-1,null
475279.683,DIGITAL_IN,ChoiceWallIR,0,null
475351.651,DIGITAL_IN,ChoiceWallIR,-1,null
475783.459,DIGITAL_IN,ChoiceWallIR,0,null
475819.443,DIGITAL_IN,ChoiceWallIR,-1,null
476347.207,DIGITAL_IN,ChoiceWallIR,0,null
476958.934,DIGITAL_IN,ChoiceWallIR,-1,null
476998.916,DIGITAL_IN,ChoiceWallIR,0,null
477670.617,DIGITAL_IN,TrayWallIR,-1,null
478506.244,DIGITAL_IN,TrayWallIR,0,null
478666.173,DIGITAL_IN,TrayWallIR,-1,null
478678.167,DIGITAL_IN,TrayWallIR,0,null
479666.726,DIGITAL_IN,TrayWallIR,-1,null
479898.623,DIGITAL_IN,TrayWallIR,0,null
480018.569,DIGITAL_IN,TrayWallIR,-1,null
480258.462,DIGITAL_IN,TrayWallIR,0,null
481301.997,DIGITAL_IN,TrayWallIR,-1,null
481357.972,DIGITAL_IN,TrayWallIR,0,null
481505.906,DIGITAL_IN,TrayWallIR,-1,null
481745.799,DIGITAL_IN,TrayWallIR,0,null
481857.749,DIGITAL_IN,TrayWallIR,-1,null
483572.983,DIGITAL_IN,TrayWallIR,0,null
484424.603,DIGITAL_IN,ChoiceWallIR,-1,null
484436.598,DIGITAL_IN,ChoiceWallIR,0,null
484604.523,DIGITAL_IN,ChoiceWallIR,-1,null
484632.511,DIGITAL_IN,ChoiceWallIR,0,null
485669.048,DIGITAL_IN,ChoiceWallIR,-1,null
485685.041,DIGITAL_IN,ChoiceWallIR,0,null
485960.918,DIGITAL_IN,ChoiceWallIR,-1,null
486472.69,DIGITAL_IN,ChoiceWallIR,0,null
490127.059,DIGITAL_IN,ChoiceWallIR,-1,null
490570.861,DIGITAL_IN,ChoiceWallIR,0,null
490638.831,DIGITAL_IN,TrayWallIR,-1,null
490890.719,DIGITAL_IN,TrayWallIR,0,null
490894.718,DIGITAL_IN,ChoiceWallIR,-1,null
492495.003,DIGITAL_IN,ChoiceWallIR,0,null
492550.978,DIGITAL_IN,ChoiceWallIR,-1,null
492626.268,PROGRAMMATIC,ITITimerEvent,-1,null
492690.915,DIGITAL_IN,ChoiceWallIR,0,null
493002.776,DIGITAL_IN,ChoiceWallIR,-1,null
493094.735,DIGITAL_IN,ChoiceWallIR,0,null
496041.421,DIGITAL_IN,ChoiceWallIR,-1,null
498647.268,PROGRAMMATIC,RandITITimerEvent,-1,null
498647.268,PROGRAMMATIC,FIEvent,-1,null
499021.091,DIGITAL_IN,Hole5NP,-1,null
499524.867,DIGITAL_IN,Hole5NP,0,null
500940.235,DIGITAL_IN,Hole5NP,-1,null
501196.121,DIGITAL_IN,Hole5NP,0,null
501260.092,DIGITAL_IN,ChoiceWallIR,0,null
501316.067,DIGITAL_IN,Hole5NP,-1,null
501863.823,DIGITAL_IN,Hole5NP,0,null
502075.728,DIGITAL_IN,ChoiceWallIR,-1,null
502163.689,DIGITAL_IN,ChoiceWallIR,0,null
502495.541,DIGITAL_IN,ChoiceWallIR,-1,null
502739.432,DIGITAL_IN,ChoiceWallIR,0,null
502831.391,DIGITAL_IN,Hole6NP,-1,null
502835.391,DIGITAL_IN,ChoiceWallIR,-1,null
502839.389,DIGITAL_IN,ChoiceWallIR,0,null
502847.384,DIGITAL_IN,ChoiceWallIR,-1,null
502855.381,DIGITAL_IN,ChoiceWallIR,0,null
502859.38,DIGITAL_IN,Hole6NP,0,null
503031.302,DIGITAL_IN,ChoiceWallIR,-1,null
503203.225,DIGITAL_IN,Hole5NP,-1,null
503235.211,DIGITAL_IN,Hole5NP,0,null
503491.097,DIGITAL_IN,Hole5NP,-1,null
503531.079,DIGITAL_IN,Hole5NP,0,null
503611.043,DIGITAL_IN,Hole5NP,-1,null
503631.035,DIGITAL_IN,Hole5NP,0,null
503750.981,DIGITAL_IN,Hole5NP,-1,null
503766.974,DIGITAL_IN,ChoiceWallIR,0,null
504410.687,DIGITAL_IN,Hole5NP,0,null
504546.626,DIGITAL_IN,ChoiceWallIR,-1,null
504694.56,DIGITAL_IN,ChoiceWallIR,0,null
504962.441,DIGITAL_IN,ChoiceWallIR,-1,null
505047.403,DIGITAL_IN,ChoiceWallIR,0,null
505083.387,DIGITAL_IN,Hole5NP,-1,null
505511.196,DIGITAL_IN,Hole5NP,0,null
505935.007,DIGITAL_IN,ChoiceWallIR,-1,null
506378.809,DIGITAL_IN,Hole5NP,-1,null
506410.794,DIGITAL_IN,ChoiceWallIR,0,null
506450.776,DIGITAL_IN,ChoiceWallIR,-1,null
506818.612,DIGITAL_IN,Hole5NP,0,null
506854.596,DIGITAL_IN,ChoiceWallIR,0,null
506878.586,DIGITAL_IN,ChoiceWallIR,-1,null
507118.479,DIGITAL_IN,ChoiceWallIR,0,null
507530.295,DIGITAL_IN,ChoiceWallIR,-1,null
507698.22,DIGITAL_IN,ChoiceWallIR,0,null
507706.216,DIGITAL_IN,Hole5NP,-1,null
507870.143,DIGITAL_IN,ChoiceWallIR,-1,null
508221.986,DIGITAL_IN,Hole5NP,0,null
508269.965,DIGITAL_IN,ChoiceWallIR,0,null
508605.815,DIGITAL_IN,ChoiceWallIR,-1,null
508869.697,DIGITAL_IN,ChoiceWallIR,0,null
508897.685,DIGITAL_IN,ChoiceWallIR,-1,null
508905.681,DIGITAL_IN,ChoiceWallIR,0,null
508937.667,DIGITAL_IN,ChoiceWallIR,-1,null
509301.505,DIGITAL_IN,ChoiceWallIR,0,null
509433.446,DIGITAL_IN,ChoiceWallIR,-1,null
509585.378,DIGITAL_IN,ChoiceWallIR,0,null
509669.341,DIGITAL_IN,Hole5NP,-1,null
510185.11,DIGITAL_IN,Hole5NP,0,null
510257.078,DIGITAL_IN,Hole5NP,-1,null
510421.005,DIGITAL_IN,Hole5NP,0,null
510433.0,DIGITAL_IN,Hole5NP,-1,null
510540.952,DIGITAL_IN,Hole5NP,0,null
510856.811,DIGITAL_IN,ChoiceWallIR,-1,null
511372.581,DIGITAL_IN,ChoiceWallIR,0,null
511452.545,DIGITAL_IN,ChoiceWallIR,-1,null
511565.495,DIGITAL_IN,ChoiceWallIR,0,null
511981.309,DIGITAL_IN,ChoiceWallIR,-1,null
512165.227,DIGITAL_IN,ChoiceWallIR,0,null
512213.206,DIGITAL_IN,ChoiceWallIR,-1,null
512389.127,DIGITAL_IN,Hole5NP,-1,null
512397.124,DIGITAL_IN,ChoiceWallIR,0,null
512525.067,DIGITAL_IN,Hole5NP,0,null
513112.804,DIGITAL_IN,Hole5NP,-1,null
513316.713,DIGITAL_IN,Hole5NP,0,null
513444.656,DIGITAL_IN,Hole5NP,-1,null
513520.623,DIGITAL_IN,Hole5NP,0,null
513647.268,PROGRAMMATIC,FITimerEvent,-1,null
513712.537,DIGITAL_IN,ChoiceWallIR,-1,null
514324.264,DIGITAL_IN,ChoiceWallIR,0,null
514396.232,DIGITAL_IN,Hole5NP,-1,null
514396.232,PROGRAMMATIC,Hole5Event,-1,null
514428.217,DIGITAL_IN,Hole5NP,0,null
514896.009,DIGITAL_IN,ChoiceWallIR,-1,null
515075.928,DIGITAL_IN,ChoiceWallIR,0,null
515131.903,DIGITAL_IN,TrayWallIR,-1,null
515596.232,PROGRAMMATIC,FeederTimerEvent,-1,null
515596.232,ALWAYS,ITI,-1,null
524973.513,DIGITAL_IN,TrayWallIR,0,null
525077.466,DIGITAL_IN,TrayWallIR,-1,null
526684.749,DIGITAL_IN,TrayWallIR,0,null
526696.744,DIGITAL_IN,TrayWallIR,-1,null
526972.621,DIGITAL_IN,TrayWallIR,0,null
527316.467,DIGITAL_IN,ChoiceWallIR,-1,null
527324.464,DIGITAL_IN,ChoiceWallIR,0,null
527336.458,DIGITAL_IN,TrayWallIR,-1,null
527348.453,DIGITAL_IN,TrayWallIR,0,null
529459.511,DIGITAL_IN,ChoiceWallIR,-1,null
529699.404,DIGITAL_IN,ChoiceWallIR,0,null
530822.903,DIGITAL_IN,ChoiceWallIR,-1,null
530902.867,DIGITAL_IN,ChoiceWallIR,0,null
530930.855,DIGITAL_IN,ChoiceWallIR,-1,null
531239.717,DIGITAL_IN,ChoiceWallIR,0,null
531283.697,DIGITAL_IN,ChoiceWallIR,-1,null
531315.683,DIGITAL_IN,ChoiceWallIR,0,null
531559.574,DIGITAL_IN,ChoiceWallIR,-1,null
531655.531,DIGITAL_IN,ChoiceWallIR,0,null
531735.496,DIGITAL_IN,ChoiceWallIR,-1,null
531743.492,DIGITAL_IN,ChoiceWallIR,0,null
534634.202,DIGITAL_IN,ChoiceWallIR,-1,null
535525.805,DIGITAL_IN,ChoiceWallIR,0,null
535596.232,PROGRAMMATIC,ITITimerEvent,-1,null
535641.753,DIGITAL_IN,ChoiceWallIR,-1,null
535661.744,DIGITAL_IN,ChoiceWallIR,0,null
535737.71,DIGITAL_IN,ChoiceWallIR,-1,null
535745.707,DIGITAL_IN,ChoiceWallIR,0,null
537786.232,PROGRAMMATIC,RandITITimerEvent,-1,null
537786.232,PROGRAMMATIC,FIEvent,-1,null
538117.648,DIGITAL_IN,TrayWallIR,-1,null
538121.648,DIGITAL_IN,TrayWallIR,0,null
539465.047,DIGITAL_IN,TrayWallIR,-1,null
539485.038,DIGITAL_IN,TrayWallIR,0,null
539580.995,DIGITAL_IN,TrayWallIR,-1,null
540392.633,DIGITAL_IN,TrayWallIR,0,null
540644.521,DIGITAL_IN,TrayWallIR,-1,null
541612.09,DIGITAL_IN,TrayWallIR,0,null
541636.079,DIGITAL_IN,TrayWallIR,-1,null
542355.758,DIGITAL_IN,TrayWallIR,0,null
542487.699,DIGITAL_IN,TrayWallIR,-1,null
542607.646,DIGITAL_IN,TrayWallIR,0,null
543503.245,DIGITAL_IN,ChoiceWallIR,-1,null
544451.822,DIGITAL_IN,Hole5NP,-1,null
545099.533,DIGITAL_IN,Hole5NP,0,null
546111.082,DIGITAL_IN,ChoiceWallIR,0,null
547242.577,DIGITAL_IN,Hole5NP,-1,null
547834.313,DIGITAL_IN,Hole5NP,0,null
548965.808,DIGITAL_IN,ChoiceWallIR,-1,null
549105.747,DIGITAL_IN,ChoiceWallIR,0,null
549633.51,DIGITAL_IN,Hole5NP,-1,null
550113.296,DIGITAL_IN,Hole5NP,0,null
550401.168,DIGITAL_IN,ChoiceWallIR,-1,null
550989.905,DIGITAL_IN,Hole5NP,-1,null
551005.898,DIGITAL_IN,ChoiceWallIR,0,null
551065.871,DIGITAL_IN,ChoiceWallIR,-1,null
551117.848,DIGITAL_IN,ChoiceWallIR,0,null
551177.821,DIGITAL_IN,ChoiceWallIR,-1,null
551657.607,DIGITAL_IN,Hole5NP,0,null
551693.591,DIGITAL_IN,ChoiceWallIR,0,null
551709.584,DIGITAL_IN,ChoiceWallIR,-1,null
552553.208,DIGITAL_IN,ChoiceWallIR,0,null
552581.195,DIGITAL_IN,Hole5NP,-1,null
552786.232,PROGRAMMATIC,FITimerEvent,-1,null
553112.958,DIGITAL_IN,Hole5NP,0,null
553224.908,DIGITAL_IN,ChoiceWallIR,-1,null
553344.855,DIGITAL_IN,ChoiceWallIR,0,null
553384.837,DIGITAL_IN,ChoiceWallIR,-1,null
553400.83,DIGITAL_IN,ChoiceWallIR,0,null
553432.815,DIGITAL_IN,ChoiceWallIR,-1,null
554032.548,DIGITAL_IN,ChoiceWallIR,0,null
554080.526,DIGITAL_IN,Hole5NP,-1,null
554080.526,PROGRAMMATIC,Hole5Event,-1,null
554108.514,DIGITAL_IN,Hole5NP,0,null
554132.503,DIGITAL_IN,ChoiceWallIR,-1,null
554220.464,DIGITAL_IN,ChoiceWallIR,0,null
554516.332,DIGITAL_IN,ChoiceWallIR,-1,null
554520.331,DIGITAL_IN,ChoiceWallIR,0,null
554732.236,DIGITAL_IN,TrayWallIR,-1,null
555280.526,PROGRAMMATIC,FeederTimerEvent,-1,null
555280.526,ALWAYS,ITI,-1,null
567952.338,DIGITAL_IN,TrayWallIR,0,null
569191.785,DIGITAL_IN,TrayWallIR,-1,null
569991.428,DIGITAL_IN,TrayWallIR,0,null
571831.607,DIGITAL_IN,ChoiceWallIR,-1,null
572083.494,DIGITAL_IN,ChoiceWallIR,0,null
572299.398,DIGITAL_IN,ChoiceWallIR,-1,null
572411.348,DIGITAL_IN,ChoiceWallIR,0,null
572475.32,DIGITAL_IN,ChoiceWallIR,-1,null
572731.205,DIGITAL_IN,ChoiceWallIR,0,null
572827.163,DIGITAL_IN,ChoiceWallIR,-1,null
572935.114,DIGITAL_IN,ChoiceWallIR,0,null
572971.098,DIGITAL_IN,ChoiceWallIR,-1,null
575280.526,PROGRAMMATIC,ITITimerEvent,-1,null
578649.565,DIGITAL_IN,ChoiceWallIR,0,null
578753.519,DIGITAL_IN,ChoiceWallIR,-1,null
579645.121,DIGITAL_IN,ChoiceWallIR,0,null
579913.001,DIGITAL_IN,ChoiceWallIR,-1,null
580016.955,DIGITAL_IN,ChoiceWallIR,0,null
580364.8,DIGITAL_IN,ChoiceWallIR,-1,null
580676.663,DIGITAL_IN,ChoiceWallIR,0,null
581024.505,DIGITAL_IN,ChoiceWallIR,-1,null
581772.172,DIGITAL_IN,Hole6NP,-1,null
581852.136,DIGITAL_IN,Hole6NP,0,null
582028.058,DIGITAL_IN,Hole6NP,-1,null
583051.601,DIGITAL_IN,Hole6NP,0,null
583507.526,PROGRAMMATIC,RandITITimerEvent,-1,null
583507.526,PROGRAMMATIC,FIEvent,-1,null
584647.889,DIGITAL_IN,ChoiceWallIR,0,null
584663.882,DIGITAL_IN,ChoiceWallIR,-1,null
584671.878,DIGITAL_IN,Hole6NP,-1,null
584691.869,DIGITAL_IN,Hole6NP,0,null
586435.091,DIGITAL_IN,ChoiceWallIR,0,null
586443.088,DIGITAL_IN,ChoiceWallIR,-1,null
586455.083,DIGITAL_IN,ChoiceWallIR,0,null
586722.963,DIGITAL_IN,ChoiceWallIR,-1,null
586942.865,DIGITAL_IN,ChoiceWallIR,0,null
587386.667,DIGITAL_IN,ChoiceWallIR,-1,null
587438.644,DIGITAL_IN,ChoiceWallIR,0,null
588026.381,DIGITAL_IN,Hole5NP,-1,null
588082.357,DIGITAL_IN,Hole5NP,0,null
590558.252,DIGITAL_IN,ChoiceWallIR,-1,null
590642.214,DIGITAL_IN,ChoiceWallIR,0,null
590750.166,DIGITAL_IN,Hole5NP,-1,null
591225.954,DIGITAL_IN,Hole5NP,0,null
591921.644,DIGITAL_IN,ChoiceWallIR,-1,null
592013.603,DIGITAL_IN,ChoiceWallIR,0,null
592209.515,DIGITAL_IN,ChoiceWallIR,-1,null
592293.478,DIGITAL_IN,ChoiceWallIR,0,null
593616.887,DIGITAL_IN,ChoiceWallIR,-1,null
594524.482,DIGITAL_IN,ChoiceWallIR,0,null
595168.195,DIGITAL_IN,ChoiceWallIR,-1,null
595200.181,DIGITAL_IN,ChoiceWallIR,0,null
595875.879,DIGITAL_IN,Hole5NP,-1,null
595895.87,DIGITAL_IN,Hole5NP,0,null
596359.664,DIGITAL_IN,ChoiceWallIR,-1,null
596403.644,DIGITAL_IN,ChoiceWallIR,0,null
596628.544,DIGITAL_IN,ChoiceWallIR,-1,null
596712.506,DIGITAL_IN,ChoiceWallIR,0,null
596852.444,DIGITAL_IN,ChoiceWallIR,-1,null
597116.326,DIGITAL_IN,ChoiceWallIR,0,null
597160.307,DIGITAL_IN,ChoiceWallIR,-1,null
597168.303,DIGITAL_IN,Hole5NP,-1,null
597172.302,DIGITAL_IN,ChoiceWallIR,0,null
597268.258,DIGITAL_IN,ChoiceWallIR,-1,null
597859.994,DIGITAL_IN,Hole5NP,0,null
597987.937,DIGITAL_IN,ChoiceWallIR,0,null
598327.785,DIGITAL_IN,Hole6NP,-1,null
598391.757,DIGITAL_IN,Hole6NP,0,null
598499.709,DIGITAL_IN,ChoiceWallIR,-1,null
598507.526,PROGRAMMATIC,FITimerEvent,-1,null
598739.602,DIGITAL_IN,ChoiceWallIR,0,null
598743.602,DIGITAL_IN,Hole5NP,-1,null
598743.602,PROGRAMMATIC,Hole5Event,-1,null
598967.5,DIGITAL_IN,Hole5NP,0,null
599091.445,DIGITAL_IN,ChoiceWallIR,-1,null
599095.444,DIGITAL_IN,ChoiceWallIR,0,null
599335.336,DIGITAL_IN,ChoiceWallIR,-1,null
599351.329,DIGITAL_IN,ChoiceWallIR,0,null
599563.234,DIGITAL_IN,TrayWallIR,-1,null
599943.602,PROGRAMMATIC,FeederTimerEvent,-1,null
599943.602,ALWAYS,ITI,-1,null
614578.535,DIGITAL_IN,TrayWallIR,0,null
614938.375,DIGITAL_IN,TrayWallIR,-1,null
615010.343,DIGITAL_IN,TrayWallIR,0,null
615074.314,DIGITAL_IN,TrayWallIR,-1,null
615674.046,DIGITAL_IN,TrayWallIR,0,null
616186.818,DIGITAL_IN,TrayWallIR,-1,null
616338.75,DIGITAL_IN,TrayWallIR,0,null
616506.675,DIGITAL_IN,TrayWallIR,-1,null
616530.664,DIGITAL_IN,TrayWallIR,0,null
616906.497,DIGITAL_IN,TrayWallIR,-1,null
616990.459,DIGITAL_IN,TrayWallIR,0,null
617078.42,DIGITAL_IN,ChoiceWallIR,-1,null
617202.365,DIGITAL_IN,ChoiceWallIR,0,null
617214.359,DIGITAL_IN,ChoiceWallIR,-1,null
617606.184,DIGITAL_IN,ChoiceWallIR,0,null
619943.602,PROGRAMMATIC,ITITimerEvent,-1,null
620827.602,PROGRAMMATIC,RandITITimerEvent,-1,null
620827.602,PROGRAMMATIC,FIEvent,-1,null
622539.983,DIGITAL_IN,ChoiceWallIR,-1,null
622583.964,DIGITAL_IN,ChoiceWallIR,0,null
622840.849,DIGITAL_IN,ChoiceWallIR,-1,null
622936.806,DIGITAL_IN,ChoiceWallIR,0,null
632833.391,DIGITAL_IN,ChoiceWallIR,-1,null
632893.364,DIGITAL_IN,ChoiceWallIR,0,null
632985.323,DIGITAL_IN,ChoiceWallIR,-1,null
633209.223,DIGITAL_IN,ChoiceWallIR,0,null
633229.214,DIGITAL_IN,ChoiceWallIR,-1,null
633784.966,DIGITAL_IN,ChoiceWallIR,0,null
635793.07,DIGITAL_IN,ChoiceWallIR,-1,null
635827.602,PROGRAMMATIC,FITimerEvent,-1,null
635901.022,DIGITAL_IN,ChoiceWallIR,0,null
636740.648,DIGITAL_IN,ChoiceWallIR,-1,null
637280.407,DIGITAL_IN,ChoiceWallIR,0,null
637712.214,DIGITAL_IN,ChoiceWallIR,-1,null
638080.05,DIGITAL_IN,ChoiceWallIR,0,null
638207.993,DIGITAL_IN,Hole5NP,-1,null
638207.993,PROGRAMMATIC,Hole5Event,-1,null
638251.973,DIGITAL_IN,ChoiceWallIR,-1,null
638439.89,DIGITAL_IN,Hole5NP,0,null
638455.882,DIGITAL_IN,ChoiceWallIR,0,null
638707.77,DIGITAL_IN,ChoiceWallIR,-1,null
638759.747,DIGITAL_IN,ChoiceWallIR,0,null
639255.526,DIGITAL_IN,TrayWallIR,-1,null
639407.993,PROGRAMMATIC,FeederTimerEvent,-1,null
639407.993,ALWAYS,ITI,-1,null
655034.486,DIGITAL_IN,TrayWallIR,0,null
655190.416,DIGITAL_IN,TrayWallIR,-1,null
655194.415,DIGITAL_IN,TrayWallIR,0,null
656007.052,DIGITAL_IN,TrayWallIR,-1,null
656043.036,DIGITAL_IN,TrayWallIR,0,null
656374.888,DIGITAL_IN,TrayWallIR,-1,null
657418.422,DIGITAL_IN,TrayWallIR,0,null
657818.244,DIGITAL_IN,TrayWallIR,-1,null
659407.993,PROGRAMMATIC,ITITimerEvent,-1,null
660261.154,DIGITAL_IN,TrayWallIR,0,null
660908.865,DIGITAL_IN,TrayWallIR,-1,null
660916.861,DIGITAL_IN,TrayWallIR,0,null
662701.065,DIGITAL_IN,TrayWallIR,-1,null
663092.993,PROGRAMMATIC,RandITITimerEvent,-1,null
663092.993,PROGRAMMATIC,FIEvent,-1,null
663768.589,DIGITAL_IN,TrayWallIR,0,null
663916.523,DIGITAL_IN,TrayWallIR,-1,null
663952.507,DIGITAL_IN,TrayWallIR,0,null
664528.25,DIGITAL_IN,TrayWallIR,-1,null
664600.218,DIGITAL_IN,TrayWallIR,0,null
664700.173,DIGITAL_IN,TrayWallIR,-1,null
664828.116,DIGITAL_IN,TrayWallIR,0,null
664844.109,DIGITAL_IN,ChoiceWallIR,-1,null
665056.015,DIGITAL_IN,TrayWallIR,-1,null
665064.011,DIGITAL_IN,TrayWallIR,0,null
666227.492,DIGITAL_IN,Hole5NP,-1,null
666271.472,DIGITAL_IN,Hole5NP,0,null
666439.397,DIGITAL_IN,Hole5NP,-1,null
666519.362,DIGITAL_IN,Hole5NP,0,null
666563.342,DIGITAL_IN,Hole5NP,-1,null
666651.303,DIGITAL_IN,Hole5NP,0,null
666699.281,DIGITAL_IN,Hole5NP,-1,null
666951.169,DIGITAL_IN,Hole5NP,0,null
669527.02,DIGITAL_IN,ChoiceWallIR,0,null
669610.982,DIGITAL_IN,ChoiceWallIR,-1,null
670618.533,DIGITAL_IN,ChoiceWallIR,0,null
670710.492,DIGITAL_IN,ChoiceWallIR,-1,null
670726.485,DIGITAL_IN,ChoiceWallIR,0,null
670798.453,DIGITAL_IN,Hole5NP,-1,null
671422.174,DIGITAL_IN,Hole5NP,0,null
671973.928,DIGITAL_IN,Hole5NP,-1,null
672013.91,DIGITAL_IN,Hole5NP,0,null
672073.884,DIGITAL_IN,ChoiceWallIR,-1,null
672337.766,DIGITAL_IN,ChoiceWallIR,0,null
672817.554,DIGITAL_IN,ChoiceWallIR,-1,null
673249.359,DIGITAL_IN,ChoiceWallIR,0,null
673833.099,DIGITAL_IN,Hole5NP,-1,null
674416.838,DIGITAL_IN,Hole5NP,0,null
674905.62,DIGITAL_IN,ChoiceWallIR,-1,null
675109.529,DIGITAL_IN,ChoiceWallIR,0,null
675257.463,DIGITAL_IN,Hole5NP,-1,null
675293.447,DIGITAL_IN,Hole5NP,0,null
675377.41,DIGITAL_IN,ChoiceWallIR,-1,null
675549.333,DIGITAL_IN,ChoiceWallIR,0,null
676117.08,DIGITAL_IN,ChoiceWallIR,-1,null
676800.775,DIGITAL_IN,Hole5NP,-1,null
676832.76,DIGITAL_IN,Hole5NP,0,null
676852.751,DIGITAL_IN,Hole5NP,-1,null
676884.737,DIGITAL_IN,ChoiceWallIR,0,null
676912.726,DIGITAL_IN,ChoiceWallIR,-1,null
676948.709,DIGITAL_IN,ChoiceWallIR,0,null
677616.411,DIGITAL_IN,Hole5NP,0,null
677620.41,DIGITAL_IN,ChoiceWallIR,-1,null
677804.327,DIGITAL_IN,ChoiceWallIR,0,null
677912.279,DIGITAL_IN,ChoiceWallIR,-1,null
678092.993,PROGRAMMATIC,FITimerEvent,-1,null
678464.033,DIGITAL_IN,Hole5NP,-1,null
678464.033,PROGRAMMATIC,Hole5Event,-1,null
678691.931,DIGITAL_IN,Hole5NP,0,null
678727.915,DIGITAL_IN,ChoiceWallIR,0,null
678827.873,DIGITAL_IN,ChoiceWallIR,-1,null
678843.863,DIGITAL_IN,ChoiceWallIR,0,null
678963.81,DIGITAL_IN,ChoiceWallIR,-1,null
679051.77,DIGITAL_IN,ChoiceWallIR,0,null
679147.728,DIGITAL_IN,ChoiceWallIR,-1,null
679155.724,DIGITAL_IN,ChoiceWallIR,0,null
679339.642,DIGITAL_IN,TrayWallIR,-1,null
679664.033,PROGRAMMATIC,FeederTimerEvent,-1,null
679664.033,ALWAYS,ITI,-1,null
691840.065,DIGITAL_IN,TrayWallIR,0,null
692339.842,DIGITAL_IN,ChoiceWallIR,-1,null
695219.557,DIGITAL_IN,ChoiceWallIR,0,null
695563.404,DIGITAL_IN,ChoiceWallIR,-1,null
696606.938,DIGITAL_IN,ChoiceWallIR,0,null
696658.915,DIGITAL_IN,ChoiceWallIR,-1,null
696906.804,DIGITAL_IN,ChoiceWallIR,0,null
697122.708,DIGITAL_IN,ChoiceWallIR,-1,null
699037.854,DIGITAL_IN,ChoiceWallIR,0,null
699081.834,DIGITAL_IN,ChoiceWallIR,-1,null
699105.824,DIGITAL_IN,ChoiceWallIR,0,null
699193.784,DIGITAL_IN,ChoiceWallIR,-1,null
699209.777,DIGITAL_IN,ChoiceWallIR,0,null
699664.033,PROGRAMMATIC,ITITimerEvent,-1,null
700625.145,DIGITAL_IN,ChoiceWallIR,-1,null
702393.357,DIGITAL_IN,ChoiceWallIR,0,null
702561.282,DIGITAL_IN,ChoiceWallIR,-1,null
702893.033,PROGRAMMATIC,RandITITimerEvent,-1,null
702893.033,PROGRAMMATIC,FIEvent,-1,null
703073.053,DIGITAL_IN,Hole5NP,-1,null
704076.606,DIGITAL_IN,Hole5NP,0,null
704312.5,DIGITAL_IN,Hole6NP,-1,null
704364.477,DIGITAL_IN,Hole6NP,0,null
704688.333,DIGITAL_IN,Hole5NP,-1,null
705400.015,DIGITAL_IN,Hole5NP,0,null
706483.532,DIGITAL_IN,Hole5NP,-1,null
706495.527,DIGITAL_IN,ChoiceWallIR,0,null
706543.505,DIGITAL_IN,ChoiceWallIR,-1,null
707047.28,DIGITAL_IN,ChoiceWallIR,0,null
707071.27,DIGITAL_IN,ChoiceWallIR,-1,null
708531.618,DIGITAL_IN,Hole5NP,0,null
710902.56,DIGITAL_IN,Hole6NP,-1,null
710914.555,DIGITAL_IN,ChoiceWallIR,0,null
711138.455,DIGITAL_IN,Hole6NP,0,null
711154.448,DIGITAL_IN,ChoiceWallIR,-1,null
712106.023,DIGITAL_IN,Hole5NP,-1,null
712118.018,DIGITAL_IN,ChoiceWallIR,0,null
712269.95,DIGITAL_IN,ChoiceWallIR,-1,null
712369.906,DIGITAL_IN,Hole5NP,0,null
712417.884,DIGITAL_IN,ChoiceWallIR,0,null
712501.847,DIGITAL_IN,ChoiceWallIR,-1,null
713917.215,DIGITAL_IN,ChoiceWallIR,0,null
714065.149,DIGITAL_IN,ChoiceWallIR,-1,null
714246.068,DIGITAL_IN,Hole5NP,-1,null
714254.065,DIGITAL_IN,ChoiceWallIR,0,null
714374.011,DIGITAL_IN,ChoiceWallIR,-1,null
715165.658,DIGITAL_IN,Hole5NP,0,null
715341.58,DIGITAL_IN,ChoiceWallIR,0,null
715405.551,DIGITAL_IN,ChoiceWallIR,-1,null
715649.442,DIGITAL_IN,ChoiceWallIR,0,null
715701.419,DIGITAL_IN,ChoiceWallIR,-1,null
716305.15,DIGITAL_IN,ChoiceWallIR,0,null
716305.15,DIGITAL_IN,Hole5NP,-1,null
716345.132,DIGITAL_IN,Hole5NP,0,null
716437.091,DIGITAL_IN,Hole5NP,-1,null
716924.873,DIGITAL_IN,Hole5NP,0,null
717016.832,DIGITAL_IN,ChoiceWallIR,-1,null
717048.818,DIGITAL_IN,ChoiceWallIR,0,null
717168.764,DIGITAL_IN,ChoiceWallIR,-1,null
717252.727,DIGITAL_IN,ChoiceWallIR,0,null
717336.69,DIGITAL_IN,ChoiceWallIR,-1,null
717788.488,DIGITAL_IN,Hole5NP,-1,null
717893.033,PROGRAMMATIC,FITimerEvent,-1,null
718416.208,DIGITAL_IN,Hole5NP,0,null
718536.154,DIGITAL_IN,Hole5NP,-1,null
718536.154,PROGRAMMATIC,Hole5Event,-1,null
718612.121,DIGITAL_IN,Hole5NP,0,null
718676.092,DIGITAL_IN,ChoiceWallIR,0,null
718840.019,DIGITAL_IN,ChoiceWallIR,-1,null
718844.018,DIGITAL_IN,ChoiceWallIR,0,null
719303.812,DIGITAL_IN,TrayWallIR,-1,null
719736.154,PROGRAMMATIC,FeederTimerEvent,-1,null
719736.154,ALWAYS,ITI,-1,null
729789.134,DIGITAL_IN,TrayWallIR,0,null
730009.036,DIGITAL_IN,TrayWallIR,-1,null
730037.023,DIGITAL_IN,TrayWallIR,0,null
730108.991,DIGITAL_IN,TrayWallIR,-1,null
732128.09,DIGITAL_IN,TrayWallIR,0,null
732324.003,DIGITAL_IN,ChoiceWallIR,-1,null
733439.505,DIGITAL_IN,ChoiceWallIR,0,null
733780.353,DIGITAL_IN,ChoiceWallIR,-1,null
734096.212,DIGITAL_IN,Hole5NP,-1,null
734196.168,DIGITAL_IN,Hole5NP,0,null
734280.13,DIGITAL_IN,Hole5NP,-1,null
735347.654,DIGITAL_IN,Hole5NP,0,null
735723.486,DIGITAL_IN,ChoiceWallIR,0,null
736870.974,DIGITAL_IN,ChoiceWallIR,-1,null
736894.964,DIGITAL_IN,ChoiceWallIR,0,null
736934.946,DIGITAL_IN,ChoiceWallIR,-1,null
737518.685,DIGITAL_IN,Hole5NP,-1,null
737522.685,DIGITAL_IN,ChoiceWallIR,0,null
737754.58,DIGITAL_IN,ChoiceWallIR,-1,null
738398.293,DIGITAL_IN,Hole5NP,0,null
738454.268,DIGITAL_IN,ChoiceWallIR,0,null
738538.23,DIGITAL_IN,ChoiceWallIR,-1,null
739105.977,DIGITAL_IN,ChoiceWallIR,0,null
739121.97,DIGITAL_IN,ChoiceWallIR,-1,null
739177.945,DIGITAL_IN,ChoiceWallIR,0,null
739429.833,DIGITAL_IN,ChoiceWallIR,-1,null
739736.154,PROGRAMMATIC,ITITimerEvent,-1,null
740546.335,DIGITAL_IN,Hole5NP,-1,null
740658.286,DIGITAL_IN,Hole5NP,0,null
741965.701,DIGITAL_IN,ChoiceWallIR,0,null
742029.673,DIGITAL_IN,ChoiceWallIR,-1,null
742898.154,PROGRAMMATIC,RandITITimerEvent,-1,null
742898.154,PROGRAMMATIC,FIEvent,-1,null
745144.283,DIGITAL_IN,Hole6NP,-1,null
745296.215,DIGITAL_IN,Hole6NP,0,null
745356.189,DIGITAL_IN,Hole6NP,-1,null
745999.901,DIGITAL_IN,Hole6NP,0,null
746475.689,DIGITAL_IN,Hole5NP,-1,null
747076.422,DIGITAL_IN,Hole5NP,0,null
748135.948,DIGITAL_IN,Hole5NP,-1,null
748575.752,DIGITAL_IN,Hole5NP,0,null
749271.442,DIGITAL_IN,ChoiceWallIR,0,null
749531.326,DIGITAL_IN,ChoiceWallIR,-1,null
749551.317,DIGITAL_IN,ChoiceWallIR,0,null
749831.192,DIGITAL_IN,ChoiceWallIR,-1,null
750626.837,DIGITAL_IN,ChoiceWallIR,0,null
750686.81,DIGITAL_IN,ChoiceWallIR,-1,null
750706.802,DIGITAL_IN,ChoiceWallIR,0,null
750714.798,DIGITAL_IN,Hole5NP,-1,null
751566.418,DIGITAL_IN,Hole5NP,0,null
751646.382,DIGITAL_IN,ChoiceWallIR,-1,null
752294.093,DIGITAL_IN,ChoiceWallIR,0,null
752334.075,DIGITAL_IN,Hole6NP,-1,null
752358.065,DIGITAL_IN,Hole6NP,0,null
752533.986,DIGITAL_IN,ChoiceWallIR,-1,null
752589.961,DIGITAL_IN,ChoiceWallIR,0,null
753326.633,DIGITAL_IN,Hole5NP,-1,null
753598.511,DIGITAL_IN,Hole5NP,0,null
753718.458,DIGITAL_IN,Hole5NP,-1,null
753898.378,DIGITAL_IN,Hole5NP,0,null
754038.315,DIGITAL_IN,ChoiceWallIR,-1,null
754210.238,DIGITAL_IN,ChoiceWallIR,0,null
754889.935,DIGITAL_IN,ChoiceWallIR,-1,null
755001.885,DIGITAL_IN,ChoiceWallIR,0,null
755417.7,DIGITAL_IN,Hole5NP,-1,null
756049.418,DIGITAL_IN,Hole5NP,0,null
756229.338,DIGITAL_IN,Hole5NP,-1,null
756817.075,DIGITAL_IN,Hole5NP,0,null
757436.799,DIGITAL_IN,Hole5NP,-1,null
757898.154,PROGRAMMATIC,FITimerEvent,-1,null
758156.478,DIGITAL_IN,Hole5NP,0,null
758792.194,DIGITAL_IN,ChoiceWallIR,-1,null
760392.48,DIGITAL_IN,ChoiceWallIR,0,null
761935.792,DIGITAL_IN,ChoiceWallIR,-1,null
762043.743,DIGITAL_IN,ChoiceWallIR,0,null
762271.642,DIGITAL_IN,ChoiceWallIR,-1,null
762431.57,DIGITAL_IN,ChoiceWallIR,0,null
763099.273,DIGITAL_IN,Hole5NP,-1,null
763099.273,PROGRAMMATIC,Hole5Event,-1,null
763327.171,DIGITAL_IN,Hole5NP,0,null
763415.132,DIGITAL_IN,ChoiceWallIR,-1,null
763427.126,DIGITAL_IN,ChoiceWallIR,0,null
764058.844,DIGITAL_IN,TrayWallIR,-1,null
764299.273,PROGRAMMATIC,FeederTimerEvent,-1,null
764299.273,ALWAYS,ITI,-1,null
778146.559,DIGITAL_IN,TrayWallIR,0,null
778750.29,DIGITAL_IN,TrayWallIR,-1,null
782281.714,DIGITAL_IN,TrayWallIR,0,null
783113.343,DIGITAL_IN,TrayWallIR,-1,null
783241.286,DIGITAL_IN,TrayWallIR,0,null
783329.247,DIGITAL_IN,TrayWallIR,-1,null
784299.273,PROGRAMMATIC,ITITimerEvent,-1,null
784820.582,DIGITAL_IN,TrayWallIR,0,null
785080.466,DIGITAL_IN,ChoiceWallIR,-1,null
785120.448,DIGITAL_IN,ChoiceWallIR,0,null
785276.378,DIGITAL_IN,ChoiceWallIR,-1,null
785860.118,DIGITAL_IN,ChoiceWallIR,0,null
787292.479,DIGITAL_IN,ChoiceWallIR,-1,null
787340.457,DIGITAL_IN,ChoiceWallIR,0,null
787380.439,DIGITAL_IN,ChoiceWallIR,-1,null
787520.377,DIGITAL_IN,TrayWallIR,-1,null
787532.372,DIGITAL_IN,TrayWallIR,0,null
787892.211,DIGITAL_IN,Hole5NP,-1,null
789395.54,DIGITAL_IN,Hole5NP,0,null
789647.428,DIGITAL_IN,ChoiceWallIR,0,null
789863.332,DIGITAL_IN,ChoiceWallIR,-1,null
789983.279,DIGITAL_IN,ChoiceWallIR,0,null
790135.21,DIGITAL_IN,ChoiceWallIR,-1,null
790147.205,DIGITAL_IN,ChoiceWallIR,0,null
790902.868,DIGITAL_IN,Hole6NP,-1,null
791018.816,DIGITAL_IN,Hole6NP,0,null
791126.768,DIGITAL_IN,ChoiceWallIR,-1,null
791562.574,DIGITAL_IN,Hole5NP,-1,null
792218.281,DIGITAL_IN,Hole5NP,0,null
792817.273,PROGRAMMATIC,RandITITimerEvent,-1,null
792817.273,PROGRAMMATIC,PIEvent,-1,null
795685.734,DIGITAL_IN,ChoiceWallIR,0,null
796825.226,DIGITAL_IN,Hole5NP,-1,null
797424.958,DIGITAL_IN,Hole5NP,0,null
797524.914,DIGITAL_IN,ChoiceWallIR,-1,null
797844.771,DIGITAL_IN,ChoiceWallIR,0,null
798048.68,DIGITAL_IN,ChoiceWallIR,-1,null
798308.564,DIGITAL_IN,ChoiceWallIR,0,null
798360.541,DIGITAL_IN,Hole5NP,-1,null
798492.482,DIGITAL_IN,ChoiceWallIR,-1,null
798976.266,DIGITAL_IN,Hole5NP,0,null
800524.575,DIGITAL_IN,Hole5NP,-1,null
800532.572,DIGITAL_IN,Hole5NP,0,null
800544.566,DIGITAL_IN,Hole5NP,-1,null
801184.281,DIGITAL_IN,Hole5NP,0,null
801360.202,DIGITAL_IN,Hole5NP,-1,null
801412.179,DIGITAL_IN,Hole5NP,0,null
801424.174,DIGITAL_IN,Hole5NP,-1,null
801815.999,DIGITAL_IN,Hole5NP,0,null
802795.562,DIGITAL_IN,Hole4NP,-1,null
803627.191,DIGITAL_IN,Hole4NP,0,null
804618.749,DIGITAL_IN,ChoiceWallIR,0,null
804638.74,DIGITAL_IN,Hole5NP,-1,null
804670.725,DIGITAL_IN,Hole5NP,0,null
804706.709,DIGITAL_IN,Hole5NP,-1,null
805274.456,DIGITAL_IN,Hole5NP,0,null
805623.3,DIGITAL_IN,ChoiceWallIR,-1,null
805859.195,DIGITAL_IN,ChoiceWallIR,0,null
806047.111,DIGITAL_IN,ChoiceWallIR,-1,null
806366.969,DIGITAL_IN,ChoiceWallIR,0,null
806414.947,DIGITAL_IN,Hole5NP,-1,null
806438.937,DIGITAL_IN,Hole5NP,0,null
806454.929,DIGITAL_IN,Hole5NP,-1,null
807310.548,DIGITAL_IN,Hole5NP,0,null
807342.533,DIGITAL_IN,ChoiceWallIR,-1,null
807434.493,DIGITAL_IN,ChoiceWallIR,0,null
807818.321,DIGITAL_IN,ChoiceWallIR,-1,null
807934.269,DIGITAL_IN,ChoiceWallIR,0,null
807946.264,DIGITAL_IN,Hole6NP,-1,null
808002.239,DIGITAL_IN,Hole6NP,0,null
808018.232,DIGITAL_IN,ChoiceWallIR,-1,null
808142.177,DIGITAL_IN,ChoiceWallIR,0,null
809037.777,DIGITAL_IN,ChoiceWallIR,-1,null
809553.547,DIGITAL_IN,ChoiceWallIR,0,null
809649.504,DIGITAL_IN,Hole5NP,-1,null
810037.331,DIGITAL_IN,Hole5NP,0,null
810093.306,DIGITAL_IN,Hole5NP,-1,null
810872.958,DIGITAL_IN,Hole5NP,0,null
810892.949,DIGITAL_IN,ChoiceWallIR,-1,null
810920.937,DIGITAL_IN,ChoiceWallIR,0,null
810964.917,DIGITAL_IN,ChoiceWallIR,-1,null
810992.905,DIGITAL_IN,ChoiceWallIR,0,null
811284.775,DIGITAL_IN,ChoiceWallIR,-1,null
811400.723,DIGITAL_IN,ChoiceWallIR,0,null
811548.657,DIGITAL_IN,Hole6NP,-1,null
811732.575,DIGITAL_IN,Hole6NP,0,null
811740.571,DIGITAL_IN,ChoiceWallIR,-1,null
811868.514,DIGITAL_IN,ChoiceWallIR,0,null
811988.461,DIGITAL_IN,Hole5NP,-1,null
812064.427,DIGITAL_IN,Hole5NP,0,null
812517.225,DIGITAL_IN,ChoiceWallIR,-1,null
812757.118,DIGITAL_IN,Hole5NP,-1,null
812781.107,DIGITAL_IN,ChoiceWallIR,0,null
813404.829,DIGITAL_IN,ChoiceWallIR,-1,null
813560.759,DIGITAL_IN,Hole5NP,0,null
814644.276,DIGITAL_IN,ChoiceWallIR,0,null
814692.254,DIGITAL_IN,ChoiceWallIR,-1,null
814964.133,DIGITAL_IN,ChoiceWallIR,0,null
815064.088,DIGITAL_IN,ChoiceWallIR,-1,null
815088.078,DIGITAL_IN,ChoiceWallIR,0,null
815136.056,DIGITAL_IN,ChoiceWallIR,-1,null
815947.694,DIGITAL_IN,Hole5NP,-1,null
816343.518,DIGITAL_IN,Hole5NP,0,null
816415.485,DIGITAL_IN,ChoiceWallIR,0,null
816435.477,DIGITAL_IN,Hole5NP,-1,null
817387.052,DIGITAL_IN,Hole5NP,0,null
818126.722,DIGITAL_IN,ChoiceWallIR,-1,null
818134.718,DIGITAL_IN,ChoiceWallIR,0,null
818146.714,DIGITAL_IN,ChoiceWallIR,-1,null
818907.374,DIGITAL_IN,ChoiceWallIR,0,null
818967.347,DIGITAL_IN,ChoiceWallIR,-1,null
818983.34,DIGITAL_IN,ChoiceWallIR,0,null
819211.238,DIGITAL_IN,TrayWallIR,-1,null
821762.1,DIGITAL_IN,TrayWallIR,0,null
821842.064,DIGITAL_IN,TrayWallIR,-1,null
821854.059,DIGITAL_IN,TrayWallIR,0,null
822277.87,DIGITAL_IN,ChoiceWallIR,-1,null
822285.867,DIGITAL_IN,ChoiceWallIR,0,null
822301.86,DIGITAL_IN,ChoiceWallIR,-1,null
822425.804,DIGITAL_IN,ChoiceWallIR,0,null
822457.79,DIGITAL_IN,ChoiceWallIR,-1,null
822461.789,DIGITAL_IN,ChoiceWallIR,0,null
822921.583,DIGITAL_IN,ChoiceWallIR,-1,null
823001.547,DIGITAL_IN,ChoiceWallIR,0,null
823193.461,DIGITAL_IN,ChoiceWallIR,-1,null
823949.124,DIGITAL_IN,Hole5NP,-1,null
824672.801,DIGITAL_IN,Hole5NP,0,null
824968.669,DIGITAL_IN,Hole5NP,-1,null
825509.428,DIGITAL_IN,Hole5NP,0,null
825705.341,DIGITAL_IN,Hole5NP,-1,null
825873.266,DIGITAL_IN,Hole5NP,0,null
826261.093,DIGITAL_IN,Hole6NP,-1,null
826321.066,DIGITAL_IN,Hole6NP,0,null
827460.558,DIGITAL_IN,Hole5NP,-1,null
827776.417,DIGITAL_IN,Hole5NP,0,null
828288.188,DIGITAL_IN,Hole6NP,-1,null
828384.146,DIGITAL_IN,Hole6NP,0,null
828688.01,DIGITAL_IN,Hole5NP,-1,null
829107.823,DIGITAL_IN,Hole5NP,0,null
829163.798,DIGITAL_IN,ChoiceWallIR,0,null
829403.691,DIGITAL_IN,ChoiceWallIR,-1,null
829439.675,DIGITAL_IN,ChoiceWallIR,0,null
829491.652,DIGITAL_IN,ChoiceWallIR,-1,null
829643.584,DIGITAL_IN,ChoiceWallIR,0,null
829715.552,DIGITAL_IN,ChoiceWallIR,-1,null
830003.423,DIGITAL_IN,ChoiceWallIR,0,null
830095.382,DIGITAL_IN,Hole5NP,-1,null
830147.359,DIGITAL_IN,Hole5NP,0,null
830159.354,DIGITAL_IN,Hole5NP,-1,null
830755.088,DIGITAL_IN,Hole5NP,0,null
830982.986,DIGITAL_IN,ChoiceWallIR,-1,null
831138.917,DIGITAL_IN,ChoiceWallIR,0,null
831410.795,DIGITAL_IN,Hole6NP,-1,null
831466.77,DIGITAL_IN,ChoiceWallIR,-1,null
831490.76,DIGITAL_IN,Hole6NP,0,null
831963.549,DIGITAL_IN,Hole5NP,-1,null
832011.527,DIGITAL_IN,Hole5NP,0,null
832707.217,DIGITAL_IN,Hole4NP,-1,null
832727.208,DIGITAL_IN,Hole4NP,0,null
832863.147,DIGITAL_IN,Hole4NP,-1,null
834178.56,DIGITAL_IN,Hole4NP,0,null
834322.496,DIGITAL_IN,ChoiceWallIR,0,null
834498.418,DIGITAL_IN,ChoiceWallIR,-1,null
835054.171,DIGITAL_IN,ChoiceWallIR,0,null
835234.09,DIGITAL_IN,ChoiceWallIR,-1,null
835557.945,DIGITAL_IN,ChoiceWallIR,0,null
835605.924,DIGITAL_IN,ChoiceWallIR,-1,null
836329.601,DIGITAL_IN,Hole5NP,-1,null
836761.408,DIGITAL_IN,Hole5NP,0,null
836941.328,DIGITAL_IN,ChoiceWallIR,0,null
837189.217,DIGITAL_IN,ChoiceWallIR,-1,null
837265.183,DIGITAL_IN,ChoiceWallIR,0,null
837732.975,DIGITAL_IN,ChoiceWallIR,-1,null
837817.273,PROGRAMMATIC,PITimerEvent,-1,null
837817.273,ALWAYS,ITI,-1,null
837928.887,DIGITAL_IN,Hole5NP,-1,null
837940.882,DIGITAL_IN,ChoiceWallIR,0,null
838349.7,DIGITAL_IN,ChoiceWallIR,-1,null
838361.694,DIGITAL_IN,Hole5NP,0,null
838673.555,DIGITAL_IN,ChoiceWallIR,0,null
838745.523,DIGITAL_IN,ChoiceWallIR,-1,null
840316.822,DIGITAL_IN,Hole5NP,-1,null
841080.484,DIGITAL_IN,Hole5NP,0,null
841116.465,DIGITAL_IN,ChoiceWallIR,0,null
841212.422,DIGITAL_IN,ChoiceWallIR,-1,null
841424.328,DIGITAL_IN,ChoiceWallIR,0,null
841556.269,DIGITAL_IN,ChoiceWallIR,-1,null
841564.265,DIGITAL_IN,ChoiceWallIR,0,null
841652.226,DIGITAL_IN,ChoiceWallIR,-1,null
841748.183,DIGITAL_IN,ChoiceWallIR,0,null
842140.008,DIGITAL_IN,ChoiceWallIR,-1,null
842148.005,DIGITAL_IN,ChoiceWallIR,0,null
842271.95,DIGITAL_IN,TrayWallIR,-1,null
843287.497,DIGITAL_IN,TrayWallIR,0,null
843555.377,DIGITAL_IN,ChoiceWallIR,-1,null
843663.329,DIGITAL_IN,ChoiceWallIR,0,null
843687.318,DIGITAL_IN,ChoiceWallIR,-1,null
846247.176,DIGITAL_IN,ChoiceWallIR,0,null
846383.115,DIGITAL_IN,ChoiceWallIR,-1,null
846642.999,DIGITAL_IN,Hole6NP,-1,null
846726.962,DIGITAL_IN,Hole6NP,0,null
846774.941,DIGITAL_IN,ChoiceWallIR,0,null
846866.9,DIGITAL_IN,ChoiceWallIR,-1,null
847786.489,DIGITAL_IN,ChoiceWallIR,0,null
847798.484,DIGITAL_IN,Hole5NP,-1,null
848186.311,DIGITAL_IN,ChoiceWallIR,-1,null
848658.1,DIGITAL_IN,Hole5NP,0,null
848913.986,DIGITAL_IN,Hole6NP,-1,null
849049.926,DIGITAL_IN,Hole6NP,0,null
849237.842,DIGITAL_IN,ChoiceWallIR,0,null
849285.82,DIGITAL_IN,ChoiceWallIR,-1,null
849353.79,DIGITAL_IN,Hole5NP,-1,null
849825.58,DIGITAL_IN,Hole5NP,0,null
849973.513,DIGITAL_IN,ChoiceWallIR,0,null
850537.262,DIGITAL_IN,ChoiceWallIR,-1,null
850933.085,DIGITAL_IN,ChoiceWallIR,0,null
851013.05,DIGITAL_IN,Hole6NP,-1,null
851041.037,DIGITAL_IN,Hole6NP,0,null
851132.996,DIGITAL_IN,ChoiceWallIR,-1,null
851260.939,DIGITAL_IN,ChoiceWallIR,0,null
851329.908,DIGITAL_IN,ChoiceWallIR,-1,null
851333.908,DIGITAL_IN,Hole5NP,-1,null
851345.901,DIGITAL_IN,ChoiceWallIR,0,null
851417.869,DIGITAL_IN,Hole5NP,0,null
851685.75,DIGITAL_IN,ChoiceWallIR,-1,null
851713.737,DIGITAL_IN,ChoiceWallIR,0,null
851781.707,DIGITAL_IN,ChoiceWallIR,-1,null
851877.664,DIGITAL_IN,ChoiceWallIR,0,null
851937.637,DIGITAL_IN,ChoiceWallIR,-1,null
851949.632,DIGITAL_IN,ChoiceWallIR,0,null
852021.6,DIGITAL_IN,ChoiceWallIR,-1,null
852057.584,DIGITAL_IN,ChoiceWallIR,0,null
852093.568,DIGITAL_IN,ChoiceWallIR,-1,null
854964.287,DIGITAL_IN,ChoiceWallIR,0,null
855032.257,DIGITAL_IN,ChoiceWallIR,-1,null
855112.221,DIGITAL_IN,ChoiceWallIR,0,null
856435.63,DIGITAL_IN,ChoiceWallIR,-1,null
857635.095,DIGITAL_IN,Hole4NP,-1,null
857707.063,DIGITAL_IN,Hole4NP,0,null
857751.044,DIGITAL_IN,Hole4NP,-1,null
857817.273,PROGRAMMATIC,ITITimerEvent,-1,null
857836.006,DIGITAL_IN,Hole4NP,0,null
858720.273,PROGRAMMATIC,RandITITimerEvent,-1,null
858720.273,PROGRAMMATIC,FIEvent,-1,null
860434.846,DIGITAL_IN,ChoiceWallIR,0,null
862262.031,DIGITAL_IN,ChoiceWallIR,-1,null
862777.801,DIGITAL_IN,ChoiceWallIR,0,null
862805.788,DIGITAL_IN,ChoiceWallIR,-1,null
863473.49,DIGITAL_IN,ChoiceWallIR,0,null
863597.435,DIGITAL_IN,ChoiceWallIR,-1,null
864009.251,DIGITAL_IN,ChoiceWallIR,0,null
864045.235,DIGITAL_IN,ChoiceWallIR,-1,null
864057.23,DIGITAL_IN,ChoiceWallIR,0,null
864869.868,DIGITAL_IN,ChoiceWallIR,-1,null
865321.666,DIGITAL_IN,ChoiceWallIR,0,null
865369.645,DIGITAL_IN,ChoiceWallIR,-1,null
865653.518,DIGITAL_IN,ChoiceWallIR,0,null
865821.443,DIGITAL_IN,ChoiceWallIR,-1,null
865861.426,DIGITAL_IN,ChoiceWallIR,0,null
865965.379,DIGITAL_IN,ChoiceWallIR,-1,null
866021.354,DIGITAL_IN,ChoiceWallIR,0,null
866081.327,DIGITAL_IN,ChoiceWallIR,-1,null
866085.326,DIGITAL_IN,ChoiceWallIR,0,null
866137.302,DIGITAL_IN,ChoiceWallIR,-1,null
866145.298,DIGITAL_IN,ChoiceWallIR,0,null
866469.154,DIGITAL_IN,ChoiceWallIR,-1,null
866757.026,DIGITAL_IN,ChoiceWallIR,0,null
867724.594,DIGITAL_IN,Hole5NP,-1,null
868336.321,DIGITAL_IN,Hole5NP,0,null
868700.159,DIGITAL_IN,ChoiceWallIR,-1,null
869923.613,DIGITAL_IN,Hole5NP,-1,null
869939.606,DIGITAL_IN,ChoiceWallIR,0,null
870003.577,DIGITAL_IN,Hole5NP,0,null
870031.565,DIGITAL_IN,Hole5NP,-1,null
870247.468,DIGITAL_IN,ChoiceWallIR,-1,null
870575.322,DIGITAL_IN,Hole5NP,0,null
871004.131,DIGITAL_IN,ChoiceWallIR,0,null
871104.086,DIGITAL_IN,ChoiceWallIR,-1,null
871471.922,DIGITAL_IN,Hole5NP,-1,null
871947.71,DIGITAL_IN,Hole5NP,0,null
871995.688,DIGITAL_IN,ChoiceWallIR,0,null
872131.628,DIGITAL_IN,ChoiceWallIR,-1,null
872155.617,DIGITAL_IN,ChoiceWallIR,0,null
872211.592,DIGITAL_IN,ChoiceWallIR,-1,null
872267.567,DIGITAL_IN,ChoiceWallIR,0,null
872407.505,DIGITAL_IN,ChoiceWallIR,-1,null
872411.504,DIGITAL_IN,ChoiceWallIR,0,null
872451.485,DIGITAL_IN,ChoiceWallIR,-1,null
872767.344,DIGITAL_IN,Hole5NP,-1,null
872823.319,DIGITAL_IN,ChoiceWallIR,0,null
872875.296,DIGITAL_IN,Hole5NP,0,null
873251.128,DIGITAL_IN,ChoiceWallIR,-1,null
873251.128,DIGITAL_IN,Hole5NP,-1,null
873339.089,DIGITAL_IN,ChoiceWallIR,0,null
873720.273,PROGRAMMATIC,FITimerEvent,-1,null
873798.884,DIGITAL_IN,Hole5NP,0,null
874002.793,DIGITAL_IN,ChoiceWallIR,-1,null
874062.766,DIGITAL_IN,ChoiceWallIR,0,null
874178.714,DIGITAL_IN,ChoiceWallIR,-1,null
874370.629,DIGITAL_IN,ChoiceWallIR,0,null
874754.457,DIGITAL_IN,ChoiceWallIR,-1,null
874946.372,DIGITAL_IN,Hole5NP,-1,null
874946.372,PROGRAMMATIC,Hole5Event,-1,null
874982.356,DIGITAL_IN,Hole5NP,0,null
875154.279,DIGITAL_IN,ChoiceWallIR,0,null
875242.24,DIGITAL_IN,ChoiceWallIR,-1,null
875250.236,DIGITAL_IN,ChoiceWallIR,0,null
875266.229,DIGITAL_IN,ChoiceWallIR,-1,null
875282.222,DIGITAL_IN,ChoiceWallIR,0,null
875294.217,DIGITAL_IN,ChoiceWallIR,-1,null
875458.143,DIGITAL_IN,ChoiceWallIR,0,null
875574.092,DIGITAL_IN,TrayWallIR,-1,null
876146.372,PROGRAMMATIC,FeederTimerEvent,-1,null
876146.372,ALWAYS,ITI,-1,null
888082.511,DIGITAL_IN,TrayWallIR,0,null
888130.49,DIGITAL_IN,TrayWallIR,-1,null
888206.456,DIGITAL_IN,TrayWallIR,0,null
888546.304,DIGITAL_IN,TrayWallIR,-1,null
890530.419,DIGITAL_IN,TrayWallIR,0,null
892853.383,DIGITAL_IN,TrayWallIR,-1,null
892869.376,DIGITAL_IN,TrayWallIR,0,null
893313.177,DIGITAL_IN,TrayWallIR,-1,null
893325.172,DIGITAL_IN,TrayWallIR,0,null
893505.092,DIGITAL_IN,TrayWallIR,-1,null
893509.091,DIGITAL_IN,TrayWallIR,0,null
894092.83,DIGITAL_IN,TrayWallIR,-1,null
895432.232,DIGITAL_IN,TrayWallIR,0,null
896146.372,PROGRAMMATIC,ITITimerEvent,-1,null
896183.897,DIGITAL_IN,TrayWallIR,-1,null
896963.549,DIGITAL_IN,TrayWallIR,0,null
897434.372,PROGRAMMATIC,RandITITimerEvent,-1,null
897434.372,PROGRAMMATIC,FIEvent,-1,null
899755.303,DIGITAL_IN,TrayWallIR,-1,null
899759.303,DIGITAL_IN,TrayWallIR,0,null
899999.194,DIGITAL_IN,TrayWallIR,-1,null
900654.902,DIGITAL_IN,TrayWallIR,0,null
900794.839,DIGITAL_IN,TrayWallIR,-1,null
901794.394,DIGITAL_IN,TrayWallIR,0,null
901814.385,DIGITAL_IN,ChoiceWallIR,-1,null
901854.367,DIGITAL_IN,ChoiceWallIR,0,null
901954.322,DIGITAL_IN,ChoiceWallIR,-1,null
901998.303,DIGITAL_IN,ChoiceWallIR,0,null
902130.244,DIGITAL_IN,ChoiceWallIR,-1,null
902138.24,DIGITAL_IN,ChoiceWallIR,0,null
902410.119,DIGITAL_IN,ChoiceWallIR,-1,null
902729.976,DIGITAL_IN,Hole5NP,-1,null
902833.93,DIGITAL_IN,Hole5NP,0,null
902849.923,DIGITAL_IN,Hole5NP,-1,null
902905.898,DIGITAL_IN,Hole5NP,0,null
902937.883,DIGITAL_IN,Hole5NP,-1,null
903037.839,DIGITAL_IN,ChoiceWallIR,0,null
903441.659,DIGITAL_IN,Hole5NP,0,null
903966.425,DIGITAL_IN,ChoiceWallIR,-1,null
904290.28,DIGITAL_IN,ChoiceWallIR,0,null
905149.896,DIGITAL_IN,ChoiceWallIR,-1,null
905461.757,DIGITAL_IN,ChoiceWallIR,0,null
905577.706,DIGITAL_IN,Hole5NP,-1,null
905665.666,DIGITAL_IN,Hole5NP,0,null
905721.641,DIGITAL_IN,Hole5NP,-1,null
906077.483,DIGITAL_IN,Hole5NP,0,null
906149.451,DIGITAL_IN,Hole5NP,-1,null
906265.399,DIGITAL_IN,Hole5NP,0,null
906613.244,DIGITAL_IN,Hole5NP,-1,null
906665.221,DIGITAL_IN,Hole5NP,0,null
906965.087,DIGITAL_IN,ChoiceWallIR,-1,null
907129.014,DIGITAL_IN,ChoiceWallIR,0,null
907708.755,DIGITAL_IN,Hole5NP,-1,null
907768.728,DIGITAL_IN,Hole5NP,0,null
907812.708,DIGITAL_IN,Hole5NP,-1,null
907872.682,DIGITAL_IN,Hole5NP,0,null
908220.527,DIGITAL_IN,ChoiceWallIR,-1,null
909455.975,DIGITAL_IN,ChoiceWallIR,0,null
909519.947,DIGITAL_IN,Hole5NP,-1,null
909571.924,DIGITAL_IN,Hole5NP,0,null
909599.911,DIGITAL_IN,Hole5NP,-1,null
910188.649,DIGITAL_IN,Hole5NP,0,null
910332.584,DIGITAL_IN,ChoiceWallIR,-1,null
910768.39,DIGITAL_IN,ChoiceWallIR,0,null
910828.363,DIGITAL_IN,ChoiceWallIR,-1,null
910900.331,DIGITAL_IN,Hole5NP,-1,null
911176.208,DIGITAL_IN,Hole5NP,0,null
911264.169,DIGITAL_IN,ChoiceWallIR,0,null
911300.153,DIGITAL_IN,Hole5NP,-1,null
911464.079,DIGITAL_IN,Hole5NP,0,null
911979.849,DIGITAL_IN,Hole6NP,-1,null
911995.842,DIGITAL_IN,Hole6NP,0,null
912023.83,DIGITAL_IN,ChoiceWallIR,-1,null
912434.372,PROGRAMMATIC,FITimerEvent,-1,null
912759.501,DIGITAL_IN,Hole5NP,-1,null
912759.501,PROGRAMMATIC,Hole5Event,-1,null
912783.491,DIGITAL_IN,Hole5NP,0,null
912967.409,DIGITAL_IN,ChoiceWallIR,0,null
913015.387,DIGITAL_IN,ChoiceWallIR,-1,null
913107.346,DIGITAL_IN,ChoiceWallIR,0,null
913211.3,DIGITAL_IN,ChoiceWallIR,-1,null
913247.284,DIGITAL_IN,ChoiceWallIR,0,null
913367.23,DIGITAL_IN,TrayWallIR,-1,null
913959.501,PROGRAMMATIC,FeederTimerEvent,-1,null
913959.501,ALWAYS,ITI,-1,null
927139.086,DIGITAL_IN,TrayWallIR,0,null
927303.013,DIGITAL_IN,TrayWallIR,-1,null
927338.997,DIGITAL_IN,TrayWallIR,0,null
927534.909,DIGITAL_IN,TrayWallIR,-1,null
927590.885,DIGITAL_IN,TrayWallIR,0,null
927710.831,DIGITAL_IN,TrayWallIR,-1,null
927770.804,DIGITAL_IN,TrayWallIR,0,null
929629.975,DIGITAL_IN,ChoiceWallIR,-1,null
929722.933,DIGITAL_IN,ChoiceWallIR,0,null
929794.901,DIGITAL_IN,ChoiceWallIR,-1,null
929938.837,DIGITAL_IN,ChoiceWallIR,0,null
929974.821,DIGITAL_IN,ChoiceWallIR,-1,null
930030.796,DIGITAL_IN,ChoiceWallIR,0,null
930282.683,DIGITAL_IN,ChoiceWallIR,-1,null
931825.995,DIGITAL_IN,Hole5NP,-1,null
931913.956,DIGITAL_IN,Hole5NP,0,null
932001.916,DIGITAL_IN,Hole5NP,-1,null
932325.772,DIGITAL_IN,Hole5NP,0,null
932361.756,DIGITAL_IN,ChoiceWallIR,0,null
932689.61,DIGITAL_IN,ChoiceWallIR,-1,null
933837.098,DIGITAL_IN,ChoiceWallIR,0,null
933959.501,PROGRAMMATIC,ITITimerEvent,-1,null
934372.859,DIGITAL_IN,ChoiceWallIR,-1,null
935604.309,DIGITAL_IN,Hole5NP,-1,null
935608.309,DIGITAL_IN,ChoiceWallIR,0,null
935676.277,DIGITAL_IN,ChoiceWallIR,-1,null
935676.277,DIGITAL_IN,Hole5NP,0,null
935716.26,DIGITAL_IN,Hole5NP,-1,null
936249.022,DIGITAL_IN,Hole5NP,0,null
936297.0,DIGITAL_IN,ChoiceWallIR,0,null
936488.915,DIGITAL_IN,ChoiceWallIR,-1,null
936588.87,DIGITAL_IN,ChoiceWallIR,0,null
936768.79,DIGITAL_IN,ChoiceWallIR,-1,null
936824.765,DIGITAL_IN,ChoiceWallIR,0,null
936872.744,DIGITAL_IN,ChoiceWallIR,-1,null
942130.398,DIGITAL_IN,ChoiceWallIR,0,null
942466.248,DIGITAL_IN,TrayWallIR,-1,null
942722.134,DIGITAL_IN,TrayWallIR,0,null
942783.106,DIGITAL_IN,TrayWallIR,-1,null
943227.501,PROGRAMMATIC,RandITITimerEvent,-1,null
943227.501,PROGRAMMATIC,FIEvent,-1,null
943690.702,DIGITAL_IN,TrayWallIR,0,null
944086.525,DIGITAL_IN,ChoiceWallIR,-1,null
946313.531,DIGITAL_IN,ChoiceWallIR,0,null
946317.531,DIGITAL_IN,ChoiceWallIR,-1,null
946333.522,DIGITAL_IN,ChoiceWallIR,0,null
946361.51,DIGITAL_IN,ChoiceWallIR,-1,null
947580.966,DIGITAL_IN,Hole5NP,-1,null
947644.937,DIGITAL_IN,Hole5NP,0,null
947664.928,DIGITAL_IN,Hole5NP,-1,null
948424.589,DIGITAL_IN,Hole5NP,0,null
949385.161,DIGITAL_IN,Hole5NP,-1,null
949453.131,DIGITAL_IN,Hole5NP,0,null
949481.118,DIGITAL_IN,Hole5NP,-1,null
949824.965,DIGITAL_IN,Hole5NP,0,null
949908.927,DIGITAL_IN,ChoiceWallIR,0,null
950008.883,DIGITAL_IN,ChoiceWallIR,-1,null
950640.601,DIGITAL_IN,Hole5NP,-1,null
951208.348,DIGITAL_IN,Hole5NP,0,null
951320.297,DIGITAL_IN,Hole5NP,-1,null
951328.294,DIGITAL_IN,ChoiceWallIR,0,null
951396.264,DIGITAL_IN,Hole5NP,0,null
951408.259,DIGITAL_IN,ChoiceWallIR,-1,null
951768.098,DIGITAL_IN,Hole5NP,-1,null
951848.062,DIGITAL_IN,Hole5NP,0,null
951932.025,DIGITAL_IN,ChoiceWallIR,0,null
952015.987,DIGITAL_IN,ChoiceWallIR,-1,null
952175.916,DIGITAL_IN,ChoiceWallIR,0,null
952203.903,DIGITAL_IN,ChoiceWallIR,-1,null
952911.588,DIGITAL_IN,ChoiceWallIR,0,null
952939.575,DIGITAL_IN,ChoiceWallIR,-1,null
952971.561,DIGITAL_IN,ChoiceWallIR,0,null
953475.336,DIGITAL_IN,ChoiceWallIR,-1,null
954051.079,DIGITAL_IN,ChoiceWallIR,0,null
954091.061,DIGITAL_IN,Hole5NP,-1,null
954119.049,DIGITAL_IN,Hole5NP,0,null
954143.038,DIGITAL_IN,Hole5NP,-1,null
954238.995,DIGITAL_IN,Hole5NP,0,null
954306.965,DIGITAL_IN,Hole5NP,-1,null
954486.885,DIGITAL_IN,Hole5NP,0,null
954498.879,DIGITAL_IN,ChoiceWallIR,-1,null
954518.871,DIGITAL_IN,ChoiceWallIR,0,null
954550.856,DIGITAL_IN,ChoiceWallIR,-1,null
954566.849,DIGITAL_IN,ChoiceWallIR,0,null
954762.762,DIGITAL_IN,ChoiceWallIR,-1,null
955494.436,DIGITAL_IN,ChoiceWallIR,0,null
955951.231,DIGITAL_IN,Hole5NP,-1,null
956027.198,DIGITAL_IN,Hole5NP,0,null
956079.174,DIGITAL_IN,Hole5NP,-1,null
956554.962,DIGITAL_IN,Hole5NP,0,null
956562.959,DIGITAL_IN,Hole5NP,-1,null
956614.935,DIGITAL_IN,Hole5NP,0,null
956914.802,DIGITAL_IN,ChoiceWallIR,-1,null
957158.693,DIGITAL_IN,Hole4NP,-1,null
957254.65,DIGITAL_IN,Hole4NP,0,null
957318.621,DIGITAL_IN,ChoiceWallIR,0,null
957482.548,DIGITAL_IN,ChoiceWallIR,-1,null
957534.525,DIGITAL_IN,ChoiceWallIR,0,null
957618.488,DIGITAL_IN,ChoiceWallIR,-1,null
958227.501,PROGRAMMATIC,FITimerEvent,-1,null
958234.214,DIGITAL_IN,ChoiceWallIR,0,null
958330.17,DIGITAL_IN,ChoiceWallIR,-1,null
958462.111,DIGITAL_IN,ChoiceWallIR,0,null
958570.063,DIGITAL_IN,ChoiceWallIR,-1,null
958642.031,DIGITAL_IN,ChoiceWallIR,0,null
958729.992,DIGITAL_IN,ChoiceWallIR,-1,null
958921.906,DIGITAL_IN,ChoiceWallIR,0,null
958993.874,DIGITAL_IN,Hole6NP,-1,null
959037.854,DIGITAL_IN,Hole6NP,0,null
959053.847,DIGITAL_IN,ChoiceWallIR,-1,null
959265.753,DIGITAL_IN,Hole5NP,-1,null
959265.753,PROGRAMMATIC,Hole5Event,-1,null
959293.74,DIGITAL_IN,Hole5NP,0,null
959357.712,DIGITAL_IN,ChoiceWallIR,0,null
959533.633,DIGITAL_IN,ChoiceWallIR,-1,null
959541.63,DIGITAL_IN,ChoiceWallIR,0,null
959637.587,DIGITAL_IN,ChoiceWallIR,-1,null
959833.499,DIGITAL_IN,ChoiceWallIR,0,null
959921.46,DIGITAL_IN,TrayWallIR,-1,null
960465.753,PROGRAMMATIC,FeederTimerEvent,-1,null
960465.753,ALWAYS,ITI,-1,null
970002.962,DIGITAL_IN,TrayWallIR,0,null
970218.866,DIGITAL_IN,TrayWallIR,-1,null
977232.737,DIGITAL_IN,TrayWallIR,0,null
977252.729,DIGITAL_IN,TrayWallIR,-1,null
977268.721,DIGITAL_IN,TrayWallIR,0,null
980095.459,DIGITAL_IN,ChoiceWallIR,-1,null
980251.39,DIGITAL_IN,ChoiceWallIR,0,null
980275.379,DIGITAL_IN,ChoiceWallIR,-1,null
980419.315,DIGITAL_IN,ChoiceWallIR,0,null
980465.753,PROGRAMMATIC,ITITimerEvent,-1,null
981794.702,DIGITAL_IN,ChoiceWallIR,-1,null
981943.635,DIGITAL_IN,ChoiceWallIR,0,null
982175.531,DIGITAL_IN,ChoiceWallIR,-1,null
982215.514,DIGITAL_IN,ChoiceWallIR,0,null
982259.494,DIGITAL_IN,ChoiceWallIR,-1,null
982359.449,DIGITAL_IN,ChoiceWallIR,0,null
983382.993,DIGITAL_IN,ChoiceWallIR,-1,null
983750.829,DIGITAL_IN,ChoiceWallIR,0,null
983802.805,DIGITAL_IN,ChoiceWallIR,-1,null
987577.122,DIGITAL_IN,ChoiceWallIR,0,null
988224.833,DIGITAL_IN,ChoiceWallIR,-1,null
988356.774,DIGITAL_IN,ChoiceWallIR,0,null
988392.758,DIGITAL_IN,ChoiceWallIR,-1,null
988460.727,DIGITAL_IN,ChoiceWallIR,0,null
988573.677,DIGITAL_IN,ChoiceWallIR,-1,null
988621.655,DIGITAL_IN,ChoiceWallIR,0,null
988665.636,DIGITAL_IN,ChoiceWallIR,-1,null
989242.753,PROGRAMMATIC,RandITITimerEvent,-1,null
989242.753,PROGRAMMATIC,FIEvent,-1,null
991228.492,DIGITAL_IN,ChoiceWallIR,0,null
991296.462,DIGITAL_IN,ChoiceWallIR,-1,null
992579.89,DIGITAL_IN,ChoiceWallIR,0,null
992635.865,DIGITAL_IN,Hole5NP,-1,null
993567.449,DIGITAL_IN,Hole5NP,0,null
993651.411,DIGITAL_IN,ChoiceWallIR,-1,null
995143.746,DIGITAL_IN,ChoiceWallIR,0,null
995207.717,DIGITAL_IN,Hole5NP,-1,null
995263.692,DIGITAL_IN,Hole5NP,0,null
995383.639,DIGITAL_IN,Hole5NP,-1,null
995655.517,DIGITAL_IN,Hole5NP,0,null
995683.505,DIGITAL_IN,Hole5NP,-1,null
995731.483,DIGITAL_IN,Hole5NP,0,null
995923.398,DIGITAL_IN,ChoiceWallIR,-1,null
996263.246,DIGITAL_IN,Hole5NP,-1,null
996747.03,DIGITAL_IN,Hole5NP,0,null
996787.013,DIGITAL_IN,ChoiceWallIR,0,null
996974.929,DIGITAL_IN,ChoiceWallIR,-1,null
997482.702,DIGITAL_IN,ChoiceWallIR,0,null
997798.561,DIGITAL_IN,ChoiceWallIR,-1,null
997906.513,DIGITAL_IN,ChoiceWallIR,0,null
997918.508,DIGITAL_IN,Hole5NP,-1,null
998450.271,DIGITAL_IN,Hole5NP,0,null
998518.24,DIGITAL_IN,ChoiceWallIR,-1,null
998674.171,DIGITAL_IN,ChoiceWallIR,0,null
998938.053,DIGITAL_IN,ChoiceWallIR,-1,null
999333.876,DIGITAL_IN,ChoiceWallIR,0,null
999493.805,DIGITAL_IN,ChoiceWallIR,-1,null
999833.653,DIGITAL_IN,ChoiceWallIR,0,null
999889.628,DIGITAL_IN,ChoiceWallIR,-1,null
1000229.477,DIGITAL_IN,ChoiceWallIR,0,null
1000229.477,DIGITAL_IN,Hole5NP,-1,null
1000281.454,DIGITAL_IN,ChoiceWallIR,-1,null
1000325.437,DIGITAL_IN,Hole5NP,0,null
1000365.416,DIGITAL_IN,Hole5NP,-1,null
1000713.261,DIGITAL_IN,Hole5NP,0,null
1000749.245,DIGITAL_IN,Hole5NP,-1,null
1000753.244,DIGITAL_IN,ChoiceWallIR,0,null
1000757.242,DIGITAL_IN,Hole5NP,0,null
1000789.227,DIGITAL_IN,ChoiceWallIR,-1,null
1000873.19,DIGITAL_IN,ChoiceWallIR,0,null
1000925.166,DIGITAL_IN,Hole5NP,-1,null
1000985.14,DIGITAL_IN,Hole5NP,0,null
1001368.968,DIGITAL_IN,ChoiceWallIR,-1,null
1001645.845,DIGITAL_IN,Hole4NP,-1,null
1001805.773,DIGITAL_IN,Hole4NP,0,null
1002253.574,DIGITAL_IN,Hole5NP,-1,null
1002549.442,DIGITAL_IN,Hole5NP,0,null
1002617.411,DIGITAL_IN,Hole5NP,-1,null
1002633.404,DIGITAL_IN,Hole5NP,0,null
1002701.374,DIGITAL_IN,Hole5NP,-1,null
1003081.204,DIGITAL_IN,Hole5NP,0,null
1003125.185,DIGITAL_IN,ChoiceWallIR,0,null
1003193.154,DIGITAL_IN,ChoiceWallIR,-1,null
1003700.928,DIGITAL_IN,ChoiceWallIR,0,null
1003836.867,DIGITAL_IN,Hole5NP,-1,null
1003856.858,DIGITAL_IN,Hole5NP,0,null
1003880.848,DIGITAL_IN,Hole5NP,-1,null
1004136.733,DIGITAL_IN,Hole5NP,0,null
1004168.719,DIGITAL_IN,Hole5NP,-1,null
1004216.698,DIGITAL_IN,Hole5NP,0,null
1004228.692,DIGITAL_IN,Hole5NP,-1,null
1004236.689,DIGITAL_IN,Hole5NP,0,null
1004242.753,PROGRAMMATIC,FITimerEvent,-1,null
1004300.66,DIGITAL_IN,Hole5NP,-1,null
1004300.66,PROGRAMMATIC,Hole5Event,-1,null
1004340.642,DIGITAL_IN,Hole5NP,0,null
1004652.503,DIGITAL_IN,ChoiceWallIR,-1,null
1004804.436,DIGITAL_IN,ChoiceWallIR,0,null
1005112.298,DIGITAL_IN,TrayWallIR,-1,null
1005500.66,PROGRAMMATIC,FeederTimerEvent,-1,null
1005500.66,ALWAYS,ITI,-1,null
1014841.957,DIGITAL_IN,TrayWallIR,0,null
1015573.631,DIGITAL_IN,TrayWallIR,-1,null
1017296.862,DIGITAL_IN,TrayWallIR,0,null
1017332.846,DIGITAL_IN,TrayWallIR,-1,null
1017588.732,DIGITAL_IN,TrayWallIR,0,null
1017740.664,DIGITAL_IN,TrayWallIR,-1,null
1017824.627,DIGITAL_IN,TrayWallIR,0,null
1017868.607,DIGITAL_IN,TrayWallIR,-1,null
1017928.58,DIGITAL_IN,TrayWallIR,0,null
1019327.956,DIGITAL_IN,TrayWallIR,-1,null
1019475.89,DIGITAL_IN,TrayWallIR,0,null
1019795.747,DIGITAL_IN,TrayWallIR,-1,null
1020459.451,DIGITAL_IN,TrayWallIR,0,null
1020491.437,DIGITAL_IN,TrayWallIR,-1,null
1020551.41,DIGITAL_IN,TrayWallIR,0,null
1021895.81,DIGITAL_IN,ChoiceWallIR,-1,null
1021947.787,DIGITAL_IN,ChoiceWallIR,0,null
1025500.66,PROGRAMMATIC,ITITimerEvent,-1,null
1027273.411,DIGITAL_IN,TrayWallIR,-1,null
1027473.322,DIGITAL_IN,TrayWallIR,0,null
1029221.542,DIGITAL_IN,TrayWallIR,-1,null
1032488.084,DIGITAL_IN,TrayWallIR,0,null
1032588.04,DIGITAL_IN,ChoiceWallIR,-1,null
1032660.008,DIGITAL_IN,ChoiceWallIR,0,null
1032711.985,DIGITAL_IN,ChoiceWallIR,-1,null
1032719.981,DIGITAL_IN,ChoiceWallIR,0,null
1032727.977,DIGITAL_IN,ChoiceWallIR,-1,null
1032903.899,DIGITAL_IN,ChoiceWallIR,0,null
1032939.883,DIGITAL_IN,ChoiceWallIR,-1,null
1033003.854,DIGITAL_IN,ChoiceWallIR,0,null
1033774.66,PROGRAMMATIC,RandITITimerEvent,-1,null
1033774.66,PROGRAMMATIC,FIEvent,-1,null
1034063.382,DIGITAL_IN,ChoiceWallIR,-1,null
1034091.369,DIGITAL_IN,ChoiceWallIR,0,null
1036163.445,DIGITAL_IN,ChoiceWallIR,-1,null
1036319.375,DIGITAL_IN,ChoiceWallIR,0,null
1037055.047,DIGITAL_IN,Hole5NP,-1,null
1037686.765,DIGITAL_IN,Hole5NP,0,null
1038738.296,DIGITAL_IN,Hole5NP,-1,null
1039086.141,DIGITAL_IN,Hole5NP,0,null
1039601.911,DIGITAL_IN,ChoiceWallIR,-1,null
1039649.889,DIGITAL_IN,ChoiceWallIR,0,null
1039693.87,DIGITAL_IN,ChoiceWallIR,-1,null
1039857.796,DIGITAL_IN,ChoiceWallIR,0,null
1041685.981,DIGITAL_IN,ChoiceWallIR,-1,null
1041925.874,DIGITAL_IN,ChoiceWallIR,0,null
1042001.84,DIGITAL_IN,Hole5NP,-1,null
1042493.62,DIGITAL_IN,Hole5NP,0,null
1042637.556,DIGITAL_IN,Hole5NP,-1,null
1042785.49,DIGITAL_IN,Hole5NP,0,null
1043873.005,DIGITAL_IN,ChoiceWallIR,-1,null
1044108.9,DIGITAL_IN,Hole4NP,-1,null
1044152.88,DIGITAL_IN,Hole4NP,0,null
1044356.789,DIGITAL_IN,ChoiceWallIR,0,null
1044560.698,DIGITAL_IN,ChoiceWallIR,-1,null
1044848.57,DIGITAL_IN,ChoiceWallIR,0,null
1044872.559,DIGITAL_IN,Hole5NP,-1,null
1044888.552,DIGITAL_IN,Hole5NP,0,null
1045796.147,DIGITAL_IN,ChoiceWallIR,-1,null
1045908.097,DIGITAL_IN,ChoiceWallIR,0,null
1046004.054,DIGITAL_IN,Hole5NP,-1,null
1046211.961,DIGITAL_IN,Hole5NP,0,null
1046251.944,DIGITAL_IN,Hole5NP,-1,null
1046327.91,DIGITAL_IN,Hole5NP,0,null
1046399.878,DIGITAL_IN,Hole5NP,-1,null
1046783.706,DIGITAL_IN,Hole5NP,0,null
1047207.517,DIGITAL_IN,ChoiceWallIR,-1,null
1047500.387,DIGITAL_IN,ChoiceWallIR,0,null
1047884.215,DIGITAL_IN,ChoiceWallIR,-1,null
1047924.198,DIGITAL_IN,ChoiceWallIR,0,null
1048116.112,DIGITAL_IN,ChoiceWallIR,-1,null
1048292.034,DIGITAL_IN,ChoiceWallIR,0,null
1048774.66,PROGRAMMATIC,FITimerEvent,-1,null
1048839.789,DIGITAL_IN,Hole5NP,-1,null
1048839.789,PROGRAMMATIC,Hole5Event,-1,null
1049055.693,DIGITAL_IN,Hole5NP,0,null
1049239.611,DIGITAL_IN,ChoiceWallIR,-1,null
1049495.497,DIGITAL_IN,ChoiceWallIR,0,null
1049603.448,DIGITAL_IN,TrayWallIR,-1,null
1050039.789,PROGRAMMATIC,FeederTimerEvent,-1,null
1050039.789,ALWAYS,ITI,-1,null
1060608.539,DIGITAL_IN,TrayWallIR,0,null
1060624.531,DIGITAL_IN,TrayWallIR,-1,null
1062767.575,DIGITAL_IN,TrayWallIR,0,null
1062891.52,DIGITAL_IN,TrayWallIR,-1,null
1062931.502,DIGITAL_IN,TrayWallIR,0,null
1064206.933,DIGITAL_IN,ChoiceWallIR,-1,null
1064242.917,DIGITAL_IN,ChoiceWallIR,0,null
1064298.892,DIGITAL_IN,ChoiceWallIR,-1,null
1067046.666,DIGITAL_IN,Hole6NP,-1,null
1067094.645,DIGITAL_IN,Hole6NP,0,null
1067166.613,DIGITAL_IN,ChoiceWallIR,0,null
1067506.461,DIGITAL_IN,Hole6NP,-1,null
1068945.819,DIGITAL_IN,Hole6NP,0,null
1068965.81,DIGITAL_IN,ChoiceWallIR,-1,null
1069469.585,DIGITAL_IN,ChoiceWallIR,0,null
1069945.373,DIGITAL_IN,ChoiceWallIR,-1,null
1070039.789,PROGRAMMATIC,ITITimerEvent,-1,null
1070349.193,DIGITAL_IN,Hole6NP,-1,null
1070385.177,DIGITAL_IN,Hole6NP,0,null
1070649.059,DIGITAL_IN,Hole5NP,-1,null
1070948.925,DIGITAL_IN,Hole5NP,0,null
1071128.845,DIGITAL_IN,ChoiceWallIR,0,null
1071620.625,DIGITAL_IN,ChoiceWallIR,-1,null
1071836.529,DIGITAL_IN,ChoiceWallIR,0,null
1071892.504,DIGITAL_IN,ChoiceWallIR,-1,null
1071912.495,DIGITAL_IN,ChoiceWallIR,0,null
1071940.483,DIGITAL_IN,ChoiceWallIR,-1,null
1072240.349,DIGITAL_IN,ChoiceWallIR,0,null
1073375.842,DIGITAL_IN,ChoiceWallIR,-1,null
1075068.087,DIGITAL_IN,Hole5NP,-1,null
1075076.084,DIGITAL_IN,ChoiceWallIR,0,null
1075172.041,DIGITAL_IN,Hole5NP,0,null
1075260.002,DIGITAL_IN,Hole5NP,-1,null
1075335.968,DIGITAL_IN,Hole5NP,0,null
1075375.95,DIGITAL_IN,Hole5NP,-1,null
1075519.886,DIGITAL_IN,Hole5NP,0,null
1075619.841,DIGITAL_IN,ChoiceWallIR,-1,null
1075791.765,DIGITAL_IN,ChoiceWallIR,0,null
1075895.718,DIGITAL_IN,ChoiceWallIR,-1,null
1076627.392,DIGITAL_IN,ChoiceWallIR,0,null
1076671.372,DIGITAL_IN,Hole5NP,-1,null
1076767.329,DIGITAL_IN,Hole5NP,0,null
1076843.295,DIGITAL_IN,Hole5NP,-1,null
1077299.092,DIGITAL_IN,Hole5NP,0,null
1077602.957,DIGITAL_IN,ChoiceWallIR,-1,null
1077606.956,DIGITAL_IN,ChoiceWallIR,0,null
1077634.942,DIGITAL_IN,ChoiceWallIR,-1,null
1077678.923,DIGITAL_IN,ChoiceWallIR,0,null
1077726.901,DIGITAL_IN,ChoiceWallIR,-1,null
1077738.896,DIGITAL_IN,ChoiceWallIR,0,null
1077798.869,DIGITAL_IN,ChoiceWallIR,-1,null
1078378.61,DIGITAL_IN,ChoiceWallIR,0,null
1078650.489,DIGITAL_IN,Hole5NP,-1,null
1078852.789,PROGRAMMATIC,RandITITimerEvent,-1,null
1078852.789,PROGRAMMATIC,PIEvent,-1,null
1079154.264,DIGITAL_IN,Hole5NP,0,null
1079162.261,DIGITAL_IN,ChoiceWallIR,-1,null
1079270.213,DIGITAL_IN,ChoiceWallIR,0,null
1079314.193,DIGITAL_IN,ChoiceWallIR,-1,null
1079370.168,DIGITAL_IN,ChoiceWallIR,0,null
1079881.94,DIGITAL_IN,ChoiceWallIR,-1,null
1079934.916,DIGITAL_IN,ChoiceWallIR,0,null
1080058.861,DIGITAL_IN,ChoiceWallIR,-1,null
1081542.199,DIGITAL_IN,ChoiceWallIR,0,null
1081654.149,DIGITAL_IN,ChoiceWallIR,-1,null
1081746.108,DIGITAL_IN,ChoiceWallIR,0,null
1081850.062,DIGITAL_IN,TrayWallIR,-1,null
1082877.603,DIGITAL_IN,TrayWallIR,0,null
1082965.564,DIGITAL_IN,TrayWallIR,-1,null
1082981.557,DIGITAL_IN,TrayWallIR,0,null
1083137.487,DIGITAL_IN,ChoiceWallIR,-1,null
1083173.471,DIGITAL_IN,ChoiceWallIR,0,null
1083237.443,DIGITAL_IN,ChoiceWallIR,-1,null
1084388.929,DIGITAL_IN,ChoiceWallIR,0,null
1084456.901,DIGITAL_IN,ChoiceWallIR,-1,null
1085204.565,DIGITAL_IN,Hole5NP,-1,null
1085812.294,DIGITAL_IN,Hole5NP,0,null
1085888.26,DIGITAL_IN,Hole5NP,-1,null
1085908.251,DIGITAL_IN,Hole5NP,0,null
1085936.239,DIGITAL_IN,Hole5NP,-1,null
1086400.032,DIGITAL_IN,Hole5NP,0,null
1087524.53,DIGITAL_IN,Hole5NP,-1,null
1087620.487,DIGITAL_IN,Hole5NP,0,null
1087704.45,DIGITAL_IN,Hole5NP,-1,null
1088128.261,DIGITAL_IN,Hole5NP,0,null
1088172.241,DIGITAL_IN,ChoiceWallIR,0,null
1088228.216,DIGITAL_IN,Hole5NP,-1,null
1088284.191,DIGITAL_IN,ChoiceWallIR,-1,null
1088292.187,DIGITAL_IN,Hole5NP,0,null
1088332.17,DIGITAL_IN,ChoiceWallIR,0,null
1088340.166,DIGITAL_IN,Hole5NP,-1,null
1088520.086,DIGITAL_IN,ChoiceWallIR,-1,null
1089003.87,DIGITAL_IN,Hole5NP,0,null
1089559.622,DIGITAL_IN,Hole5NP,-1,null
1090103.379,DIGITAL_IN,Hole5NP,0,null
1090259.31,DIGITAL_IN,Hole5NP,-1,null
1090619.149,DIGITAL_IN,Hole5NP,0,null
1091482.764,DIGITAL_IN,Hole5NP,-1,null
1091878.587,DIGITAL_IN,Hole5NP,0,null
1092410.35,DIGITAL_IN,Hole5NP,-1,null
1092618.257,DIGITAL_IN,Hole5NP,0,null
1093474.875,DIGITAL_IN,ChoiceWallIR,0,null
1093802.729,DIGITAL_IN,ChoiceWallIR,-1,null
1096109.7,DIGITAL_IN,Hole5NP,-1,null
1096193.662,DIGITAL_IN,Hole5NP,0,null
1096905.345,DIGITAL_IN,Hole5NP,-1,null
1097089.263,DIGITAL_IN,Hole5NP,0,null
1097201.213,DIGITAL_IN,Hole5NP,-1,null
1097349.147,DIGITAL_IN,Hole5NP,0,null
1097377.134,DIGITAL_IN,Hole5NP,-1,null
1097429.111,DIGITAL_IN,Hole5NP,0,null
1097461.097,DIGITAL_IN,Hole5NP,-1,null
1097565.05,DIGITAL_IN,Hole5NP,0,null
1097601.034,DIGITAL_IN,Hole5NP,-1,null
1098092.815,DIGITAL_IN,Hole5NP,0,null
1098292.726,DIGITAL_IN,ChoiceWallIR,0,null
1098348.701,DIGITAL_IN,ChoiceWallIR,-1,null
1098444.658,DIGITAL_IN,ChoiceWallIR,0,null
1098524.622,DIGITAL_IN,Hole5NP,-1,null
1098596.59,DIGITAL_IN,Hole5NP,0,null
1099000.41,DIGITAL_IN,ChoiceWallIR,-1,null
1099833.038,DIGITAL_IN,Hole5NP,-1,null
1100192.878,DIGITAL_IN,Hole5NP,0,null
1100276.841,DIGITAL_IN,Hole5NP,-1,null
1100912.557,DIGITAL_IN,Hole5NP,0,null
1100952.539,DIGITAL_IN,ChoiceWallIR,0,null
1101068.487,DIGITAL_IN,ChoiceWallIR,-1,null
1101136.457,DIGITAL_IN,ChoiceWallIR,0,null
1101180.437,DIGITAL_IN,ChoiceWallIR,-1,null
1101908.113,DIGITAL_IN,Hole5NP,-1,null
1102607.801,DIGITAL_IN,Hole5NP,0,null
1102735.743,DIGITAL_IN,Hole5NP,-1,null
1103243.517,DIGITAL_IN,Hole5NP,0,null
1104099.135,DIGITAL_IN,ChoiceWallIR,0,null
1104151.112,DIGITAL_IN,ChoiceWallIR,-1,null
1104171.103,DIGITAL_IN,ChoiceWallIR,0,null
1104251.067,DIGITAL_IN,ChoiceWallIR,-1,null
1104666.882,DIGITAL_IN,ChoiceWallIR,0,null
1104678.876,DIGITAL_IN,ChoiceWallIR,-1,null
1104686.873,DIGITAL_IN,ChoiceWallIR,0,null
1104886.784,DIGITAL_IN,TrayWallIR,-1,null
1106507.061,DIGITAL_IN,TrayWallIR,0,null
1106535.048,DIGITAL_IN,TrayWallIR,-1,null
1106555.039,DIGITAL_IN,TrayWallIR,0,null
1106646.998,DIGITAL_IN,TrayWallIR,-1,null
1106682.982,DIGITAL_IN,TrayWallIR,0,null
1106802.929,DIGITAL_IN,ChoiceWallIR,-1,null
1106878.895,DIGITAL_IN,ChoiceWallIR,0,null
1106914.879,DIGITAL_IN,ChoiceWallIR,-1,null
1106918.878,DIGITAL_IN,ChoiceWallIR,0,null
1106998.841,DIGITAL_IN,ChoiceWallIR,-1,null
1107010.836,DIGITAL_IN,ChoiceWallIR,0,null
1107074.808,DIGITAL_IN,ChoiceWallIR,-1,null
1107142.777,DIGITAL_IN,ChoiceWallIR,0,null
1107190.756,DIGITAL_IN,ChoiceWallIR,-1,null
1107210.747,DIGITAL_IN,ChoiceWallIR,0,null
1107274.718,DIGITAL_IN,ChoiceWallIR,-1,null
1107326.695,DIGITAL_IN,ChoiceWallIR,0,null
1107490.626,DIGITAL_IN,Hole5NP,-1,null
1108346.241,DIGITAL_IN,Hole5NP,0,null
1108362.233,DIGITAL_IN,Hole5NP,-1,null
1108434.201,DIGITAL_IN,Hole5NP,0,null
1108458.19,DIGITAL_IN,Hole5NP,-1,null
1108550.149,DIGITAL_IN,Hole5NP,0,null
1108674.094,DIGITAL_IN,ChoiceWallIR,-1,null
1108786.044,DIGITAL_IN,ChoiceWallIR,0,null
1108786.044,DIGITAL_IN,Hole5NP,-1,null
1108913.987,DIGITAL_IN,ChoiceWallIR,-1,null
1109105.901,DIGITAL_IN,Hole5NP,0,null
1109433.755,DIGITAL_IN,ChoiceWallIR,0,null
1109641.662,DIGITAL_IN,ChoiceWallIR,-1,null
1110205.411,DIGITAL_IN,Hole5NP,-1,null
1110229.4,DIGITAL_IN,Hole5NP,0,null
1110885.108,DIGITAL_IN,ChoiceWallIR,0,null
1110909.097,DIGITAL_IN,ChoiceWallIR,-1,null
1110937.084,DIGITAL_IN,Hole5NP,-1,null
1111668.758,DIGITAL_IN,Hole5NP,0,null
1111848.678,DIGITAL_IN,ChoiceWallIR,0,null
1111916.647,DIGITAL_IN,ChoiceWallIR,-1,null
1112488.392,DIGITAL_IN,ChoiceWallIR,0,null
1112540.369,DIGITAL_IN,Hole5NP,-1,null
1112588.348,DIGITAL_IN,ChoiceWallIR,-1,null
1112645.322,DIGITAL_IN,Hole5NP,0,null
1112657.317,DIGITAL_IN,Hole5NP,-1,null
1113101.119,DIGITAL_IN,Hole5NP,0,null
1113676.862,DIGITAL_IN,ChoiceWallIR,0,null
1113692.855,DIGITAL_IN,Hole5NP,-1,null
1114192.632,DIGITAL_IN,ChoiceWallIR,-1,null
1114192.632,DIGITAL_IN,Hole5NP,0,null
1114608.446,DIGITAL_IN,ChoiceWallIR,0,null
1114832.347,DIGITAL_IN,ChoiceWallIR,-1,null
1114852.338,DIGITAL_IN,ChoiceWallIR,0,null
1114892.32,DIGITAL_IN,ChoiceWallIR,-1,null
1115196.184,DIGITAL_IN,ChoiceWallIR,0,null
1115268.152,DIGITAL_IN,ChoiceWallIR,-1,null
1116367.661,DIGITAL_IN,ChoiceWallIR,0,null
1116431.633,DIGITAL_IN,ChoiceWallIR,-1,null
1116439.629,DIGITAL_IN,ChoiceWallIR,0,null
1118386.761,DIGITAL_IN,ChoiceWallIR,-1,null
1118406.752,DIGITAL_IN,ChoiceWallIR,0,null
1118410.751,DIGITAL_IN,ChoiceWallIR,-1,null
1118422.745,DIGITAL_IN,ChoiceWallIR,0,null
1118774.588,DIGITAL_IN,ChoiceWallIR,-1,null
1119563.236,DIGITAL_IN,ChoiceWallIR,0,null
1119755.15,DIGITAL_IN,ChoiceWallIR,-1,null
1119775.141,DIGITAL_IN,ChoiceWallIR,0,null
1119835.115,DIGITAL_IN,TrayWallIR,-1,null
1121986.155,DIGITAL_IN,TrayWallIR,0,null
1123852.789,PROGRAMMATIC,PITimerEvent,-1,null
1123852.789,ALWAYS,ITI,-1,null
1125332.662,DIGITAL_IN,TrayWallIR,-1,null
1125853.43,DIGITAL_IN,TrayWallIR,0,null
1127344.764,DIGITAL_IN,ChoiceWallIR,-1,null
1127348.764,DIGITAL_IN,ChoiceWallIR,0,null
1127512.689,DIGITAL_IN,ChoiceWallIR,-1,null
1129799.669,DIGITAL_IN,Hole5NP,-1,null
1129847.647,DIGITAL_IN,Hole5NP,0,null
1130167.505,DIGITAL_IN,Hole5NP,-1,null
1130523.346,DIGITAL_IN,Hole5NP,0,null
1130527.347,DIGITAL_IN,Hole5NP,-1,null
1132231.584,DIGITAL_IN,Hole5NP,0,null
1133095.198,DIGITAL_IN,ChoiceWallIR,0,null
1133147.175,DIGITAL_IN,ChoiceWallIR,-1,null
1133195.154,DIGITAL_IN,ChoiceWallIR,0,null
1133339.09,DIGITAL_IN,ChoiceWallIR,-1,null
1133527.006,DIGITAL_IN,Hole5NP,-1,null
1134038.777,DIGITAL_IN,ChoiceWallIR,0,null
1134110.745,DIGITAL_IN,ChoiceWallIR,-1,null
1134118.742,DIGITAL_IN,Hole5NP,0,null
1135386.176,DIGITAL_IN,Hole5NP,-1,null
1135450.148,DIGITAL_IN,Hole5NP,0,null
1135478.135,DIGITAL_IN,Hole5NP,-1,null
1135778.002,DIGITAL_IN,Hole5NP,0,null
1136461.696,DIGITAL_IN,ChoiceWallIR,0,null
1137173.379,DIGITAL_IN,ChoiceWallIR,-1,null
1137249.345,DIGITAL_IN,ChoiceWallIR,0,null
1139913.157,DIGITAL_IN,ChoiceWallIR,-1,null
1139957.137,DIGITAL_IN,ChoiceWallIR,0,null
1140049.096,DIGITAL_IN,ChoiceWallIR,-1,null
1140061.091,DIGITAL_IN,ChoiceWallIR,0,null
1140117.066,DIGITAL_IN,ChoiceWallIR,-1,null
1140257.003,DIGITAL_IN,ChoiceWallIR,0,null
1140500.894,DIGITAL_IN,Hole5NP,-1,null
1140528.882,DIGITAL_IN,Hole5NP,0,null
1140540.877,DIGITAL_IN,ChoiceWallIR,-1,null
1140576.861,DIGITAL_IN,ChoiceWallIR,0,null
1140716.798,DIGITAL_IN,ChoiceWallIR,-1,null
1140924.705,DIGITAL_IN,ChoiceWallIR,0,null
1141220.573,DIGITAL_IN,ChoiceWallIR,-1,null
1142472.015,DIGITAL_IN,ChoiceWallIR,0,null
1142655.933,DIGITAL_IN,ChoiceWallIR,-1,null
1143535.54,DIGITAL_IN,ChoiceWallIR,0,null
1143551.533,DIGITAL_IN,Hole5NP,-1,null
1143559.53,DIGITAL_IN,Hole5NP,0,null
1143603.51,DIGITAL_IN,Hole5NP,-1,null
1143667.482,DIGITAL_IN,Hole5NP,0,null
1143852.789,PROGRAMMATIC,ITITimerEvent,-1,null
1144019.325,DIGITAL_IN,ChoiceWallIR,-1,null
1144298.789,PROGRAMMATIC,RandITITimerEvent,-1,null
1144298.789,PROGRAMMATIC,FIEvent,-1,null
1144479.12,DIGITAL_IN,Hole5NP,-1,null
1144483.119,DIGITAL_IN,ChoiceWallIR,0,null
1144547.09,DIGITAL_IN,ChoiceWallIR,-1,null
1145074.854,DIGITAL_IN,Hole5NP,0,null
1145118.834,DIGITAL_IN,ChoiceWallIR,0,null
1145170.811,DIGITAL_IN,Hole5NP,-1,null
1145234.782,DIGITAL_IN,ChoiceWallIR,-1,null
1145238.782,DIGITAL_IN,Hole5NP,0,null
1145275.764,DIGITAL_IN,ChoiceWallIR,0,null
1145275.764,DIGITAL_IN,Hole5NP,-1,null
1145363.725,DIGITAL_IN,ChoiceWallIR,-1,null
1145999.441,DIGITAL_IN,Hole5NP,0,null
1146019.432,DIGITAL_IN,ChoiceWallIR,0,null
1146259.325,DIGITAL_IN,ChoiceWallIR,-1,null
1146343.288,DIGITAL_IN,ChoiceWallIR,0,null
1146455.238,DIGITAL_IN,Hole5NP,-1,null
1146475.229,DIGITAL_IN,Hole5NP,0,null
1146695.131,DIGITAL_IN,Hole5NP,-1,null
1147034.979,DIGITAL_IN,Hole5NP,0,null
1147342.842,DIGITAL_IN,ChoiceWallIR,-1,null
1147414.81,DIGITAL_IN,ChoiceWallIR,0,null
1147486.778,DIGITAL_IN,ChoiceWallIR,-1,null
1147746.662,DIGITAL_IN,ChoiceWallIR,0,null
1147794.641,DIGITAL_IN,Hole5NP,-1,null
1147850.615,DIGITAL_IN,Hole5NP,0,null
1148282.423,DIGITAL_IN,ChoiceWallIR,-1,null
1148486.332,DIGITAL_IN,ChoiceWallIR,0,null
1148542.307,DIGITAL_IN,ChoiceWallIR,-1,null
1149194.016,DIGITAL_IN,ChoiceWallIR,0,null
1149393.927,DIGITAL_IN,ChoiceWallIR,-1,null
1149825.734,DIGITAL_IN,ChoiceWallIR,0,null
1150189.572,DIGITAL_IN,ChoiceWallIR,-1,null
1150313.517,DIGITAL_IN,ChoiceWallIR,0,null
1150929.242,DIGITAL_IN,Hole5NP,-1,null
1151177.131,DIGITAL_IN,Hole5NP,0,null
1151953.785,DIGITAL_IN,ChoiceWallIR,-1,null
1152129.706,DIGITAL_IN,ChoiceWallIR,0,null
1152341.612,DIGITAL_IN,Hole5NP,-1,null
1152937.346,DIGITAL_IN,Hole5NP,0,null
1153045.298,DIGITAL_IN,ChoiceWallIR,-1,null
1153868.93,DIGITAL_IN,ChoiceWallIR,0,null
1154040.854,DIGITAL_IN,ChoiceWallIR,-1,null
1154104.825,DIGITAL_IN,ChoiceWallIR,0,null
1154348.716,DIGITAL_IN,TrayWallIR,-1,null
1159298.789,PROGRAMMATIC,FITimerEvent,-1,null
1160191.11,DIGITAL_IN,TrayWallIR,0,null
1161682.444,DIGITAL_IN,TrayWallIR,-1,null
1166769.175,DIGITAL_IN,TrayWallIR,0,null
1166789.166,DIGITAL_IN,TrayWallIR,-1,null
1166793.165,DIGITAL_IN,TrayWallIR,0,null
1166821.152,DIGITAL_IN,ChoiceWallIR,-1,null
1166861.134,DIGITAL_IN,ChoiceWallIR,0,null
1166921.107,DIGITAL_IN,ChoiceWallIR,-1,null
1166933.102,DIGITAL_IN,ChoiceWallIR,0,null
1166953.093,DIGITAL_IN,ChoiceWallIR,-1,null
1167009.068,DIGITAL_IN,ChoiceWallIR,0,null
1167053.048,DIGITAL_IN,ChoiceWallIR,-1,null
1167065.043,DIGITAL_IN,ChoiceWallIR,0,null
1167264.954,DIGITAL_IN,ChoiceWallIR,-1,null
1168176.547,DIGITAL_IN,ChoiceWallIR,0,null
1168180.547,DIGITAL_IN,Hole5NP,-1,null
1168180.547,PROGRAMMATIC,Hole5Event,-1,null
1168216.529,DIGITAL_IN,Hole5NP,0,null
1168224.526,DIGITAL_IN,ChoiceWallIR,-1,null
1168396.449,DIGITAL_IN,ChoiceWallIR,0,null
1168776.279,DIGITAL_IN,ChoiceWallIR,-1,null
1168800.269,DIGITAL_IN,ChoiceWallIR,0,null
1168836.253,DIGITAL_IN,ChoiceWallIR,-1,null
1169224.08,DIGITAL_IN,ChoiceWallIR,0,null
1169380.547,PROGRAMMATIC,FeederTimerEvent,-1,null
1169380.547,ALWAYS,ITI,-1,null
1169431.987,DIGITAL_IN,TrayWallIR,-1,null
1177601.344,DIGITAL_IN,TrayWallIR,0,null
1177629.33,DIGITAL_IN,TrayWallIR,-1,null
1177974.176,DIGITAL_IN,TrayWallIR,0,null
1179133.658,DIGITAL_IN,TrayWallIR,-1,null
1179897.318,DIGITAL_IN,TrayWallIR,0,null
1183303.798,DIGITAL_IN,ChoiceWallIR,-1,null
1183311.794,DIGITAL_IN,ChoiceWallIR,0,null
1183963.504,DIGITAL_IN,ChoiceWallIR,-1,null
1184720.166,DIGITAL_IN,ChoiceWallIR,0,null
1188158.632,DIGITAL_IN,ChoiceWallIR,-1,null
1188914.295,DIGITAL_IN,ChoiceWallIR,0,null
1189162.184,DIGITAL_IN,ChoiceWallIR,-1,null
1189380.547,PROGRAMMATIC,ITITimerEvent,-1,null
1189442.059,DIGITAL_IN,ChoiceWallIR,0,null
1189645.968,DIGITAL_IN,ChoiceWallIR,-1,null
1190229.708,DIGITAL_IN,ChoiceWallIR,0,null
1190393.635,DIGITAL_IN,ChoiceWallIR,-1,null
1190413.626,DIGITAL_IN,ChoiceWallIR,0,null
1190621.536,DIGITAL_IN,ChoiceWallIR,-1,null
1196555.885,DIGITAL_IN,ChoiceWallIR,0,null
1197139.625,DIGITAL_IN,ChoiceWallIR,-1,null
1197957.547,PROGRAMMATIC,RandITITimerEvent,-1,null
1197957.547,PROGRAMMATIC,FIEvent,-1,null
1201362.741,DIGITAL_IN,ChoiceWallIR,0,null
1201422.714,DIGITAL_IN,TrayWallIR,-1,null
1202466.249,DIGITAL_IN,TrayWallIR,0,null
1203273.888,DIGITAL_IN,ChoiceWallIR,-1,null
1205361.957,DIGITAL_IN,ChoiceWallIR,0,null
1205485.901,DIGITAL_IN,ChoiceWallIR,-1,null
1206393.497,DIGITAL_IN,ChoiceWallIR,0,null
1206453.47,DIGITAL_IN,ChoiceWallIR,-1,null
1207600.958,DIGITAL_IN,ChoiceWallIR,0,null
1208080.744,DIGITAL_IN,ChoiceWallIR,-1,null
1208096.737,DIGITAL_IN,ChoiceWallIR,0,null
1208152.712,DIGITAL_IN,ChoiceWallIR,-1,null
1208440.583,DIGITAL_IN,ChoiceWallIR,0,null
1208948.357,DIGITAL_IN,ChoiceWallIR,-1,null
1209040.316,DIGITAL_IN,ChoiceWallIR,0,null
1209140.271,DIGITAL_IN,Hole5NP,-1,null
1209176.255,DIGITAL_IN,Hole5NP,0,null
1209436.139,DIGITAL_IN,ChoiceWallIR,-1,null
1209955.907,DIGITAL_IN,ChoiceWallIR,0,null
1210503.663,DIGITAL_IN,Hole5NP,-1,null
1210551.641,DIGITAL_IN,Hole5NP,0,null
1210596.621,DIGITAL_IN,Hole5NP,-1,null
1210832.516,DIGITAL_IN,Hole5NP,0,null
1210872.498,DIGITAL_IN,Hole5NP,-1,null
1211036.425,DIGITAL_IN,Hole5NP,0,null
1211164.368,DIGITAL_IN,ChoiceWallIR,-1,null
1211340.289,DIGITAL_IN,ChoiceWallIR,0,null
1211396.264,DIGITAL_IN,ChoiceWallIR,-1,null
1211556.193,DIGITAL_IN,ChoiceWallIR,0,null
1211984.002,DIGITAL_IN,Hole5NP,-1,null
1212243.886,DIGITAL_IN,Hole5NP,0,null
1212619.719,DIGITAL_IN,ChoiceWallIR,-1,null
1212957.547,PROGRAMMATIC,FITimerEvent,-1,null
1213339.397,DIGITAL_IN,ChoiceWallIR,0,null
1213371.383,DIGITAL_IN,ChoiceWallIR,-1,null
1213799.192,DIGITAL_IN,ChoiceWallIR,0,null
1213939.13,DIGITAL_IN,ChoiceWallIR,-1,null
1213943.129,DIGITAL_IN,ChoiceWallIR,0,null
1214071.071,DIGITAL_IN,TrayWallIR,-1,null
1214686.796,DIGITAL_IN,TrayWallIR,0,null
1214938.684,DIGITAL_IN,ChoiceWallIR,-1,null
1214978.666,DIGITAL_IN,ChoiceWallIR,0,null
1215070.625,DIGITAL_IN,ChoiceWallIR,-1,null
1215098.613,DIGITAL_IN,ChoiceWallIR,0,null
1215178.577,DIGITAL_IN,ChoiceWallIR,-1,null
1215186.573,DIGITAL_IN,ChoiceWallIR,0,null
1215242.548,DIGITAL_IN,ChoiceWallIR,-1,null
1215302.522,DIGITAL_IN,ChoiceWallIR,0,null
1215318.515,DIGITAL_IN,ChoiceWallIR,-1,null
1215354.498,DIGITAL_IN,ChoiceWallIR,0,null
1215434.463,DIGITAL_IN,ChoiceWallIR,-1,null
1215482.441,DIGITAL_IN,ChoiceWallIR,0,null
1215538.416,DIGITAL_IN,ChoiceWallIR,-1,null
1215814.293,DIGITAL_IN,ChoiceWallIR,0,null
1216122.156,DIGITAL_IN,ChoiceWallIR,-1,null
1216186.127,DIGITAL_IN,ChoiceWallIR,0,null
1216190.126,DIGITAL_IN,Hole5NP,-1,null
1216190.126,PROGRAMMATIC,Hole5Event,-1,null
1216210.117,DIGITAL_IN,Hole5NP,0,null
1216222.111,DIGITAL_IN,ChoiceWallIR,-1,null
1216282.085,DIGITAL_IN,Hole5NP,-1,null
1216450.01,DIGITAL_IN,Hole5NP,0,null
1216485.994,DIGITAL_IN,ChoiceWallIR,0,null
1217049.742,DIGITAL_IN,TrayWallIR,-1,null
1217390.126,PROGRAMMATIC,FeederTimerEvent,-1,null
1217390.126,ALWAYS,ITI,-1,null
1219461.718,PROGRAM,TERMINATE,-1,null
1219461.718,PROGRAM,END,-1,null
