Program: PeakIntervalMiddleHopper, Version Checkstring: 1wt79hn_1521d29a745.tnt.vcs, Box Name: Box 01, Setup: 1, _DateTime: Mon May 01 14:58:40 ADT 2023, Version: 1, _ResultSize: 57292, Controller: Brown Lab 192.168.0.227, Username: Richard Brown, _LineMap: <non-comparable key value>, Auto-Upload Results: yes, _ConSoftwareVer: cu3.22:i21, _TestRunID: null, _SetupTS: 1511bb97c98_1.cnssetup, _ConUniqueID: 00:2:b3:cd:82:23, Status: Unverified   TRANSIENT: index: 6354 source: cenes.tnt.filter.Archive@45a4730a
0.0,DIGITAL_IN,ChoiceWallIR,-1,null
0.0,DIGITAL_IN,TrayReport,-1,null
0.0,PROGRAM,START,1251,1251
0.0,BLOCK,START,1,null
0.0,PROGRAMMATIC,FIEvent,-1,null
34.688,DIGITAL_IN,ChoiceWallIR,0,null
562.453,DIGITAL_IN,ChoiceWallIR,-1,null
902.301,DIGITAL_IN,ChoiceWallIR,0,null
958.276,DIGITAL_IN,ChoiceWallIR,-1,null
1042.239,DIGITAL_IN,ChoiceWallIR,0,null
1110.208,DIGITAL_IN,ChoiceWallIR,-1,null
1406.076,DIGITAL_IN,ChoiceWallIR,0,null
1486.041,DIGITAL_IN,ChoiceWallIR,-1,null
1753.922,DIGITAL_IN,Hole5NP,-1,null
1913.85,DIGITAL_IN,Hole5NP,0,null
2065.782,DIGITAL_IN,ChoiceWallIR,0,null
2349.655,DIGITAL_IN,ChoiceWallIR,-1,null
4517.688,DIGITAL_IN,ChoiceWallIR,0,null
4617.644,DIGITAL_IN,TrayWallIR,-1,null
4745.586,DIGITAL_IN,TrayWallIR,0,null
4865.533,DIGITAL_IN,TrayWallIR,-1,null
4889.522,DIGITAL_IN,TrayWallIR,0,null
4945.497,DIGITAL_IN,TrayWallIR,-1,null
5137.412,DIGITAL_IN,TrayWallIR,0,null
5413.289,DIGITAL_IN,TrayWallIR,-1,null
5585.212,DIGITAL_IN,TrayWallIR,0,null
5609.201,DIGITAL_IN,TrayWallIR,-1,null
5741.142,DIGITAL_IN,TrayWallIR,0,null
6224.926,DIGITAL_IN,ChoiceWallIR,-1,null
6532.789,DIGITAL_IN,ChoiceWallIR,0,null
6676.725,DIGITAL_IN,Hole5NP,-1,null
6768.684,DIGITAL_IN,Hole5NP,0,null
6888.63,DIGITAL_IN,ChoiceWallIR,-1,null
7004.579,DIGITAL_IN,ChoiceWallIR,0,null
7168.506,DIGITAL_IN,ChoiceWallIR,-1,null
7192.495,DIGITAL_IN,ChoiceWallIR,0,null
7664.284,DIGITAL_IN,ChoiceWallIR,-1,null
7792.227,DIGITAL_IN,ChoiceWallIR,0,null
7928.167,DIGITAL_IN,ChoiceWallIR,-1,null
8715.815,DIGITAL_IN,ChoiceWallIR,0,null
8851.755,DIGITAL_IN,ChoiceWallIR,-1,null
9679.385,DIGITAL_IN,ChoiceWallIR,0,null
9703.375,DIGITAL_IN,ChoiceWallIR,-1,null
14118.405,DIGITAL_IN,ChoiceWallIR,0,null
14258.342,DIGITAL_IN,ChoiceWallIR,-1,null
15000.0,PROGRAMMATIC,FITimerEvent,-1,null
18525.439,DIGITAL_IN,ChoiceWallIR,0,null
18593.408,DIGITAL_IN,ChoiceWallIR,-1,null
18629.392,DIGITAL_IN,ChoiceWallIR,0,null
18833.301,DIGITAL_IN,ChoiceWallIR,-1,null
18857.291,DIGITAL_IN,ChoiceWallIR,0,null
18977.237,DIGITAL_IN,Hole5NP,-1,null
18977.237,PROGRAMMATIC,Hole5Event,-1,null
19005.225,DIGITAL_IN,Hole5NP,0,null
19189.142,DIGITAL_IN,ChoiceWallIR,-1,null
19417.041,DIGITAL_IN,ChoiceWallIR,0,null
19600.959,DIGITAL_IN,TrayWallIR,-1,null
20177.237,PROGRAMMATIC,FeederTimerEvent,-1,null
20177.237,ALWAYS,ITI,-1,null
28370.046,DIGITAL_IN,TrayWallIR,0,null
30221.221,DIGITAL_IN,TrayWallIR,-1,null
31905.469,DIGITAL_IN,TrayWallIR,0,null
32949.003,DIGITAL_IN,TrayWallIR,-1,null
34352.377,DIGITAL_IN,TrayWallIR,0,null
35547.844,DIGITAL_IN,ChoiceWallIR,-1,null
35655.796,DIGITAL_IN,ChoiceWallIR,0,null
35731.762,DIGITAL_IN,ChoiceWallIR,-1,null
36259.526,DIGITAL_IN,ChoiceWallIR,0,null
36335.493,DIGITAL_IN,ChoiceWallIR,-1,null
36431.45,DIGITAL_IN,Hole5NP,-1,null
36651.352,DIGITAL_IN,Hole5NP,0,null
37296.064,DIGITAL_IN,ChoiceWallIR,0,null
37412.012,DIGITAL_IN,ChoiceWallIR,-1,null
37459.991,DIGITAL_IN,ChoiceWallIR,0,null
37555.948,DIGITAL_IN,ChoiceWallIR,-1,null
39826.935,DIGITAL_IN,ChoiceWallIR,0,null
39982.865,DIGITAL_IN,ChoiceWallIR,-1,null
40162.785,DIGITAL_IN,ChoiceWallIR,0,null
40177.237,PROGRAMMATIC,ITITimerEvent,-1,null
40274.735,DIGITAL_IN,ChoiceWallIR,-1,null
40326.712,DIGITAL_IN,ChoiceWallIR,0,null
45715.237,PROGRAMMATIC,RandITITimerEvent,-1,null
45715.237,PROGRAMMATIC,FIEvent,-1,null
45901.225,DIGITAL_IN,ChoiceWallIR,-1,null
47400.556,DIGITAL_IN,Hole5NP,-1,null
47536.495,DIGITAL_IN,Hole5NP,0,null
48224.188,DIGITAL_IN,ChoiceWallIR,0,null
48344.135,DIGITAL_IN,ChoiceWallIR,-1,null
48707.973,DIGITAL_IN,ChoiceWallIR,0,null
48787.937,DIGITAL_IN,ChoiceWallIR,-1,null
48987.848,DIGITAL_IN,ChoiceWallIR,0,null
50024.385,DIGITAL_IN,ChoiceWallIR,-1,null
52527.269,DIGITAL_IN,ChoiceWallIR,0,null
52791.151,DIGITAL_IN,TrayWallIR,-1,null
53099.014,DIGITAL_IN,TrayWallIR,0,null
53206.965,DIGITAL_IN,ChoiceWallIR,-1,null
53218.96,DIGITAL_IN,ChoiceWallIR,0,null
53474.846,DIGITAL_IN,TrayWallIR,-1,null
54954.186,DIGITAL_IN,TrayWallIR,0,null
55066.136,DIGITAL_IN,TrayWallIR,-1,null
55314.025,DIGITAL_IN,TrayWallIR,0,null
55338.015,DIGITAL_IN,TrayWallIR,-1,null
55350.009,DIGITAL_IN,TrayWallIR,0,null
55777.818,DIGITAL_IN,ChoiceWallIR,-1,null
55861.781,DIGITAL_IN,ChoiceWallIR,0,null
55997.721,DIGITAL_IN,ChoiceWallIR,-1,null
56237.613,DIGITAL_IN,ChoiceWallIR,0,null
56309.581,DIGITAL_IN,ChoiceWallIR,-1,null
56349.563,DIGITAL_IN,Hole5NP,-1,null
56478.506,DIGITAL_IN,Hole5NP,0,null
56770.376,DIGITAL_IN,Hole5NP,-1,null
56926.306,DIGITAL_IN,Hole5NP,0,null
57502.049,DIGITAL_IN,ChoiceWallIR,0,null
57590.01,DIGITAL_IN,ChoiceWallIR,-1,null
58065.798,DIGITAL_IN,ChoiceWallIR,0,null
58077.792,DIGITAL_IN,ChoiceWallIR,-1,null
58237.721,DIGITAL_IN,Hole5NP,-1,null
58277.703,DIGITAL_IN,Hole5NP,0,null
58493.607,DIGITAL_IN,ChoiceWallIR,0,null
58681.523,DIGITAL_IN,ChoiceWallIR,-1,null
58993.384,DIGITAL_IN,ChoiceWallIR,0,null
59169.305,DIGITAL_IN,ChoiceWallIR,-1,null
59868.993,DIGITAL_IN,ChoiceWallIR,0,null
60164.861,DIGITAL_IN,ChoiceWallIR,-1,null
60528.699,DIGITAL_IN,ChoiceWallIR,0,null
60715.237,PROGRAMMATIC,FITimerEvent,-1,null
60968.503,DIGITAL_IN,ChoiceWallIR,-1,null
61688.182,DIGITAL_IN,ChoiceWallIR,0,null
62096.0,DIGITAL_IN,ChoiceWallIR,-1,null
62499.819,DIGITAL_IN,ChoiceWallIR,0,null
62972.608,DIGITAL_IN,ChoiceWallIR,-1,null
62976.608,DIGITAL_IN,ChoiceWallIR,0,null
63044.576,DIGITAL_IN,TrayWallIR,-1,null
64419.963,DIGITAL_IN,TrayWallIR,0,null
64463.943,DIGITAL_IN,ChoiceWallIR,-1,null
64523.916,DIGITAL_IN,ChoiceWallIR,0,null
64563.899,DIGITAL_IN,ChoiceWallIR,-1,null
64655.857,DIGITAL_IN,ChoiceWallIR,0,null
64667.852,DIGITAL_IN,ChoiceWallIR,-1,null
64679.847,DIGITAL_IN,ChoiceWallIR,0,null
64875.759,DIGITAL_IN,Hole5NP,-1,null
64875.759,PROGRAMMATIC,Hole5Event,-1,null
65115.652,DIGITAL_IN,ChoiceWallIR,-1,null
65115.652,DIGITAL_IN,Hole5NP,0,null
65167.629,DIGITAL_IN,ChoiceWallIR,0,null
65223.604,DIGITAL_IN,ChoiceWallIR,-1,null
65235.599,DIGITAL_IN,ChoiceWallIR,0,null
65635.42,DIGITAL_IN,TrayWallIR,-1,null
66075.759,PROGRAMMATIC,FeederTimerEvent,-1,null
66075.759,ALWAYS,ITI,-1,null
76872.407,DIGITAL_IN,TrayWallIR,0,null
78407.722,DIGITAL_IN,TrayWallIR,-1,null
78423.715,DIGITAL_IN,TrayWallIR,0,null
78679.601,DIGITAL_IN,TrayWallIR,-1,null
80806.652,DIGITAL_IN,TrayWallIR,0,null
82202.029,DIGITAL_IN,TrayWallIR,-1,null
82222.02,DIGITAL_IN,TrayWallIR,0,null
82469.91,DIGITAL_IN,TrayWallIR,-1,null
82982.681,DIGITAL_IN,TrayWallIR,0,null
83058.647,DIGITAL_IN,ChoiceWallIR,-1,null
83142.61,DIGITAL_IN,ChoiceWallIR,0,null
83206.581,DIGITAL_IN,ChoiceWallIR,-1,null
83222.574,DIGITAL_IN,ChoiceWallIR,0,null
83450.472,DIGITAL_IN,ChoiceWallIR,-1,null
83462.467,DIGITAL_IN,ChoiceWallIR,0,null
83558.424,DIGITAL_IN,ChoiceWallIR,-1,null
83578.415,DIGITAL_IN,ChoiceWallIR,0,null
83858.29,DIGITAL_IN,ChoiceWallIR,-1,null
84094.185,DIGITAL_IN,Hole5NP,-1,null
84174.149,DIGITAL_IN,Hole5NP,0,null
84254.114,DIGITAL_IN,ChoiceWallIR,0,null
84318.085,DIGITAL_IN,ChoiceWallIR,-1,null
84657.934,DIGITAL_IN,ChoiceWallIR,0,null
84713.909,DIGITAL_IN,ChoiceWallIR,-1,null
85921.37,DIGITAL_IN,ChoiceWallIR,0,null
86053.311,DIGITAL_IN,ChoiceWallIR,-1,null
86069.304,DIGITAL_IN,ChoiceWallIR,0,null
86075.759,PROGRAMMATIC,ITITimerEvent,-1,null
86093.293,DIGITAL_IN,ChoiceWallIR,-1,null
86157.265,DIGITAL_IN,ChoiceWallIR,0,null
86565.083,DIGITAL_IN,TrayWallIR,-1,null
87084.851,DIGITAL_IN,TrayWallIR,0,null
90268.434,DIGITAL_IN,TrayWallIR,-1,null
93119.158,DIGITAL_IN,TrayWallIR,0,null
93789.759,PROGRAMMATIC,RandITITimerEvent,-1,null
93789.759,PROGRAMMATIC,FIEvent,-1,null
94702.452,DIGITAL_IN,ChoiceWallIR,-1,null
94706.452,DIGITAL_IN,TrayWallIR,-1,null
94770.422,DIGITAL_IN,TrayWallIR,0,null
96622.595,DIGITAL_IN,ChoiceWallIR,0,null
96638.588,DIGITAL_IN,ChoiceWallIR,-1,null
97238.321,DIGITAL_IN,ChoiceWallIR,0,null
97286.299,DIGITAL_IN,ChoiceWallIR,-1,null
97666.13,DIGITAL_IN,Hole5NP,-1,null
97858.044,DIGITAL_IN,Hole5NP,0,null
98357.821,DIGITAL_IN,ChoiceWallIR,0,null
98433.787,DIGITAL_IN,ChoiceWallIR,-1,null
98577.723,DIGITAL_IN,ChoiceWallIR,0,null
98597.714,DIGITAL_IN,ChoiceWallIR,-1,null
98821.614,DIGITAL_IN,TrayWallIR,-1,null
98829.611,DIGITAL_IN,TrayWallIR,0,null
98901.579,DIGITAL_IN,ChoiceWallIR,0,null
98949.557,DIGITAL_IN,ChoiceWallIR,-1,null
98953.556,DIGITAL_IN,ChoiceWallIR,0,null
98961.552,DIGITAL_IN,ChoiceWallIR,-1,null
99205.443,DIGITAL_IN,ChoiceWallIR,0,null
99261.418,DIGITAL_IN,ChoiceWallIR,-1,null
99833.163,DIGITAL_IN,ChoiceWallIR,0,null
99865.149,DIGITAL_IN,ChoiceWallIR,-1,null
100097.045,DIGITAL_IN,ChoiceWallIR,0,null
100376.92,DIGITAL_IN,Hole5NP,-1,null
100740.758,DIGITAL_IN,ChoiceWallIR,-1,null
100764.747,DIGITAL_IN,ChoiceWallIR,0,null
100820.723,DIGITAL_IN,Hole5NP,0,null
101092.601,DIGITAL_IN,ChoiceWallIR,-1,null
101420.455,DIGITAL_IN,ChoiceWallIR,0,null
101504.417,DIGITAL_IN,ChoiceWallIR,-1,null
101528.408,DIGITAL_IN,ChoiceWallIR,0,null
102784.846,DIGITAL_IN,ChoiceWallIR,-1,null
103580.491,DIGITAL_IN,ChoiceWallIR,0,null
103672.45,DIGITAL_IN,ChoiceWallIR,-1,null
103692.441,DIGITAL_IN,ChoiceWallIR,0,null
104176.225,DIGITAL_IN,ChoiceWallIR,-1,null
104236.199,DIGITAL_IN,ChoiceWallIR,0,null
104276.181,DIGITAL_IN,ChoiceWallIR,-1,null
104364.142,DIGITAL_IN,ChoiceWallIR,0,null
104400.126,DIGITAL_IN,ChoiceWallIR,-1,null
104544.061,DIGITAL_IN,ChoiceWallIR,0,null
104596.038,DIGITAL_IN,Hole6NP,-1,null
104616.029,DIGITAL_IN,Hole6NP,0,null
104823.936,DIGITAL_IN,Hole5NP,-1,null
105151.79,DIGITAL_IN,Hole5NP,0,null
105503.633,DIGITAL_IN,Hole6NP,-1,null
105931.442,DIGITAL_IN,ChoiceWallIR,-1,null
105947.435,DIGITAL_IN,Hole6NP,0,null
106059.385,DIGITAL_IN,ChoiceWallIR,0,null
106115.36,DIGITAL_IN,Hole5NP,-1,null
106271.291,DIGITAL_IN,Hole5NP,0,null
106771.068,DIGITAL_IN,ChoiceWallIR,-1,null
107002.964,DIGITAL_IN,ChoiceWallIR,0,null
107598.698,DIGITAL_IN,ChoiceWallIR,-1,null
107874.575,DIGITAL_IN,ChoiceWallIR,0,null
107890.569,DIGITAL_IN,ChoiceWallIR,-1,null
107906.561,DIGITAL_IN,ChoiceWallIR,0,null
108098.475,DIGITAL_IN,ChoiceWallIR,-1,null
108122.465,DIGITAL_IN,ChoiceWallIR,0,null
108318.377,DIGITAL_IN,TrayWallIR,-1,null
108538.279,DIGITAL_IN,ChoiceWallIR,-1,null
108542.279,DIGITAL_IN,ChoiceWallIR,0,null
108789.759,PROGRAMMATIC,FITimerEvent,-1,null
109123.018,DIGITAL_IN,TrayWallIR,0,null
109155.004,DIGITAL_IN,TrayWallIR,-1,null
109163.001,DIGITAL_IN,TrayWallIR,0,null
109262.956,DIGITAL_IN,ChoiceWallIR,-1,null
109298.943,DIGITAL_IN,ChoiceWallIR,0,null
109326.927,DIGITAL_IN,ChoiceWallIR,-1,null
109602.804,DIGITAL_IN,Hole5NP,-1,null
109602.804,PROGRAMMATIC,Hole5Event,-1,null
109610.801,DIGITAL_IN,ChoiceWallIR,0,null
109846.696,DIGITAL_IN,Hole5NP,0,null
109942.653,DIGITAL_IN,ChoiceWallIR,-1,null
110034.612,DIGITAL_IN,ChoiceWallIR,0,null
110434.433,DIGITAL_IN,TrayWallIR,-1,null
110802.804,PROGRAMMATIC,FeederTimerEvent,-1,null
110802.804,ALWAYS,ITI,-1,null
122255.159,DIGITAL_IN,TrayWallIR,0,null
123670.528,DIGITAL_IN,TrayWallIR,-1,null
123754.491,DIGITAL_IN,TrayWallIR,0,null
123870.439,DIGITAL_IN,TrayWallIR,-1,null
124622.103,DIGITAL_IN,TrayWallIR,0,null
129668.852,DIGITAL_IN,ChoiceWallIR,-1,null
129672.852,DIGITAL_IN,ChoiceWallIR,0,null
130802.804,PROGRAMMATIC,ITITimerEvent,-1,null
130956.277,DIGITAL_IN,ChoiceWallIR,-1,null
132363.65,DIGITAL_IN,ChoiceWallIR,0,null
132483.596,DIGITAL_IN,TrayWallIR,-1,null
132663.516,DIGITAL_IN,ChoiceWallIR,-1,null
132675.51,DIGITAL_IN,ChoiceWallIR,0,null
132687.505,DIGITAL_IN,TrayWallIR,0,null
132751.476,DIGITAL_IN,ChoiceWallIR,-1,null
133143.302,DIGITAL_IN,ChoiceWallIR,0,null
133183.284,DIGITAL_IN,Hole5NP,-1,null
133523.132,DIGITAL_IN,Hole5NP,0,null
133675.064,DIGITAL_IN,ChoiceWallIR,-1,null
135447.274,DIGITAL_IN,ChoiceWallIR,0,null
135491.254,DIGITAL_IN,ChoiceWallIR,-1,null
136270.906,DIGITAL_IN,ChoiceWallIR,0,null
136386.855,DIGITAL_IN,ChoiceWallIR,-1,null
136470.817,DIGITAL_IN,ChoiceWallIR,0,null
136882.633,DIGITAL_IN,ChoiceWallIR,-1,null
138681.831,DIGITAL_IN,ChoiceWallIR,0,null
138717.815,DIGITAL_IN,ChoiceWallIR,-1,null
138985.695,DIGITAL_IN,ChoiceWallIR,0,null
139001.688,DIGITAL_IN,ChoiceWallIR,-1,null
139253.576,DIGITAL_IN,ChoiceWallIR,0,null
139301.554,DIGITAL_IN,ChoiceWallIR,-1,null
139709.372,DIGITAL_IN,ChoiceWallIR,0,null
139713.372,DIGITAL_IN,Hole5NP,-1,null
139982.804,PROGRAMMATIC,RandITITimerEvent,-1,null
139982.804,PROGRAMMATIC,PIEvent,-1,null
140021.233,DIGITAL_IN,Hole5NP,0,null
140157.172,DIGITAL_IN,ChoiceWallIR,-1,null
140281.117,DIGITAL_IN,Hole5NP,-1,null
140289.114,DIGITAL_IN,ChoiceWallIR,0,null
140465.035,DIGITAL_IN,Hole5NP,0,null
140568.989,DIGITAL_IN,ChoiceWallIR,-1,null
140760.903,DIGITAL_IN,ChoiceWallIR,0,null
140872.853,DIGITAL_IN,ChoiceWallIR,-1,null
140916.834,DIGITAL_IN,ChoiceWallIR,0,null
140940.823,DIGITAL_IN,ChoiceWallIR,-1,null
141481.582,DIGITAL_IN,ChoiceWallIR,0,null
142245.241,DIGITAL_IN,Hole5NP,-1,null
142277.227,DIGITAL_IN,Hole5NP,0,null
142537.111,DIGITAL_IN,ChoiceWallIR,-1,null
142988.909,DIGITAL_IN,ChoiceWallIR,0,null
143196.816,DIGITAL_IN,ChoiceWallIR,-1,null
143208.811,DIGITAL_IN,ChoiceWallIR,0,null
143380.734,DIGITAL_IN,ChoiceWallIR,-1,null
144060.431,DIGITAL_IN,ChoiceWallIR,0,null
144732.131,DIGITAL_IN,ChoiceWallIR,-1,null
144912.051,DIGITAL_IN,ChoiceWallIR,0,null
144944.037,DIGITAL_IN,ChoiceWallIR,-1,null
144952.033,DIGITAL_IN,ChoiceWallIR,0,null
145119.958,DIGITAL_IN,ChoiceWallIR,-1,null
145147.946,DIGITAL_IN,ChoiceWallIR,0,null
145467.803,DIGITAL_IN,Hole5NP,-1,null
145691.703,DIGITAL_IN,Hole5NP,0,null
145855.63,DIGITAL_IN,Hole5NP,-1,null
146471.355,DIGITAL_IN,Hole5NP,0,null
146555.318,DIGITAL_IN,ChoiceWallIR,-1,null
146603.297,DIGITAL_IN,ChoiceWallIR,0,null
146787.214,DIGITAL_IN,ChoiceWallIR,-1,null
147159.049,DIGITAL_IN,ChoiceWallIR,0,null
147306.983,DIGITAL_IN,ChoiceWallIR,-1,null
148815.31,DIGITAL_IN,ChoiceWallIR,0,null
148859.29,DIGITAL_IN,ChoiceWallIR,-1,null
148979.237,DIGITAL_IN,ChoiceWallIR,0,null
149123.172,DIGITAL_IN,ChoiceWallIR,-1,null
149127.172,DIGITAL_IN,ChoiceWallIR,0,null
149546.983,DIGITAL_IN,Hole5NP,-1,null
149618.951,DIGITAL_IN,Hole5NP,0,null
150262.664,DIGITAL_IN,ChoiceWallIR,-1,null
150414.596,DIGITAL_IN,ChoiceWallIR,0,null
150490.563,DIGITAL_IN,ChoiceWallIR,-1,null
150598.514,DIGITAL_IN,ChoiceWallIR,0,null
151262.218,DIGITAL_IN,TrayWallIR,-1,null
152597.622,DIGITAL_IN,TrayWallIR,0,null
152605.619,DIGITAL_IN,TrayWallIR,-1,null
152753.553,DIGITAL_IN,TrayWallIR,0,null
152881.495,DIGITAL_IN,TrayWallIR,-1,null
152905.485,DIGITAL_IN,TrayWallIR,0,null
153021.433,DIGITAL_IN,ChoiceWallIR,-1,null
153061.415,DIGITAL_IN,ChoiceWallIR,0,null
153065.414,DIGITAL_IN,ChoiceWallIR,-1,null
153081.406,DIGITAL_IN,ChoiceWallIR,0,null
153141.38,DIGITAL_IN,ChoiceWallIR,-1,null
153145.379,DIGITAL_IN,ChoiceWallIR,0,null
153169.367,DIGITAL_IN,ChoiceWallIR,-1,null
153393.267,DIGITAL_IN,ChoiceWallIR,0,null
153453.24,DIGITAL_IN,Hole5NP,-1,null
154084.959,DIGITAL_IN,Hole5NP,0,null
154501.773,DIGITAL_IN,Hole5NP,-1,null
154609.724,DIGITAL_IN,ChoiceWallIR,-1,null
154661.701,DIGITAL_IN,Hole5NP,0,null
154733.669,DIGITAL_IN,ChoiceWallIR,0,null
154785.646,DIGITAL_IN,ChoiceWallIR,-1,null
154813.634,DIGITAL_IN,ChoiceWallIR,0,null
155233.446,DIGITAL_IN,ChoiceWallIR,-1,null
156380.934,DIGITAL_IN,ChoiceWallIR,0,null
157064.629,DIGITAL_IN,ChoiceWallIR,-1,null
157528.422,DIGITAL_IN,ChoiceWallIR,0,null
157608.387,DIGITAL_IN,ChoiceWallIR,-1,null
158028.199,DIGITAL_IN,ChoiceWallIR,0,null
158124.157,DIGITAL_IN,Hole5NP,-1,null
158144.148,DIGITAL_IN,ChoiceWallIR,-1,null
158152.144,DIGITAL_IN,ChoiceWallIR,0,null
158252.099,DIGITAL_IN,Hole5NP,0,null
158312.073,DIGITAL_IN,ChoiceWallIR,-1,null
159083.728,DIGITAL_IN,ChoiceWallIR,0,null
159139.703,DIGITAL_IN,ChoiceWallIR,-1,null
159515.536,DIGITAL_IN,ChoiceWallIR,0,null
159623.488,DIGITAL_IN,ChoiceWallIR,-1,null
159631.484,DIGITAL_IN,ChoiceWallIR,0,null
159647.477,DIGITAL_IN,Hole6NP,-1,null
159663.47,DIGITAL_IN,ChoiceWallIR,-1,null
159671.466,DIGITAL_IN,Hole6NP,0,null
159879.373,DIGITAL_IN,ChoiceWallIR,0,null
160327.174,DIGITAL_IN,ChoiceWallIR,-1,null
160419.133,DIGITAL_IN,Hole5NP,-1,null
160927.906,DIGITAL_IN,Hole5NP,0,null
161103.827,DIGITAL_IN,Hole5NP,-1,null
161303.738,DIGITAL_IN,Hole5NP,0,null
161731.547,DIGITAL_IN,ChoiceWallIR,0,null
161879.481,DIGITAL_IN,ChoiceWallIR,-1,null
162151.36,DIGITAL_IN,ChoiceWallIR,0,null
162211.333,DIGITAL_IN,ChoiceWallIR,-1,null
164098.491,DIGITAL_IN,ChoiceWallIR,0,null
164238.429,DIGITAL_IN,Hole5NP,-1,null
164390.361,DIGITAL_IN,Hole5NP,0,null
164498.313,DIGITAL_IN,ChoiceWallIR,-1,null
164694.225,DIGITAL_IN,Hole5NP,-1,null
164842.159,DIGITAL_IN,Hole5NP,0,null
165194.002,DIGITAL_IN,ChoiceWallIR,0,null
165429.897,DIGITAL_IN,TrayWallIR,-1,null
166629.362,DIGITAL_IN,TrayWallIR,0,null
166673.342,DIGITAL_IN,TrayWallIR,-1,null
167109.148,DIGITAL_IN,TrayWallIR,0,null
167137.135,DIGITAL_IN,TrayWallIR,-1,null
167145.132,DIGITAL_IN,TrayWallIR,0,null
167185.114,DIGITAL_IN,ChoiceWallIR,-1,null
167205.105,DIGITAL_IN,ChoiceWallIR,0,null
167285.069,DIGITAL_IN,ChoiceWallIR,-1,null
167293.066,DIGITAL_IN,ChoiceWallIR,0,null
167305.06,DIGITAL_IN,ChoiceWallIR,-1,null
167381.027,DIGITAL_IN,ChoiceWallIR,0,null
167413.012,DIGITAL_IN,ChoiceWallIR,-1,null
167421.009,DIGITAL_IN,ChoiceWallIR,0,null
167569.942,DIGITAL_IN,Hole5NP,-1,null
168025.739,DIGITAL_IN,Hole5NP,0,null
168125.694,DIGITAL_IN,ChoiceWallIR,-1,null
168173.673,DIGITAL_IN,ChoiceWallIR,0,null
168261.634,DIGITAL_IN,ChoiceWallIR,-1,null
168277.627,DIGITAL_IN,ChoiceWallIR,0,null
168321.607,DIGITAL_IN,Hole5NP,-1,null
168529.514,DIGITAL_IN,ChoiceWallIR,-1,null
168529.514,DIGITAL_IN,Hole5NP,0,null
168561.5,DIGITAL_IN,ChoiceWallIR,0,null
168641.464,DIGITAL_IN,ChoiceWallIR,-1,null
169361.143,DIGITAL_IN,ChoiceWallIR,0,null
169692.995,DIGITAL_IN,ChoiceWallIR,-1,null
169760.965,DIGITAL_IN,ChoiceWallIR,0,null
169788.952,DIGITAL_IN,ChoiceWallIR,-1,null
171364.249,DIGITAL_IN,ChoiceWallIR,0,null
171492.193,DIGITAL_IN,ChoiceWallIR,-1,null
172083.928,DIGITAL_IN,ChoiceWallIR,0,null
172123.911,DIGITAL_IN,Hole5NP,-1,null
172231.862,DIGITAL_IN,ChoiceWallIR,-1,null
172255.852,DIGITAL_IN,ChoiceWallIR,0,null
172335.816,DIGITAL_IN,Hole5NP,0,null
172447.766,DIGITAL_IN,ChoiceWallIR,-1,null
172583.705,DIGITAL_IN,ChoiceWallIR,0,null
172607.695,DIGITAL_IN,Hole5NP,-1,null
172687.659,DIGITAL_IN,ChoiceWallIR,-1,null
172795.611,DIGITAL_IN,Hole5NP,0,null
172847.588,DIGITAL_IN,ChoiceWallIR,0,null
173131.461,DIGITAL_IN,ChoiceWallIR,-1,null
173135.46,DIGITAL_IN,ChoiceWallIR,0,null
173231.416,DIGITAL_IN,ChoiceWallIR,-1,null
173423.331,DIGITAL_IN,ChoiceWallIR,0,null
173519.288,DIGITAL_IN,ChoiceWallIR,-1,null
173547.275,DIGITAL_IN,ChoiceWallIR,0,null
174515.843,DIGITAL_IN,ChoiceWallIR,-1,null
175503.403,DIGITAL_IN,ChoiceWallIR,0,null
175819.262,DIGITAL_IN,TrayWallIR,-1,null
176526.946,DIGITAL_IN,TrayWallIR,0,null
176554.934,DIGITAL_IN,ChoiceWallIR,-1,null
176582.921,DIGITAL_IN,ChoiceWallIR,0,null
176622.903,DIGITAL_IN,ChoiceWallIR,-1,null
176810.819,DIGITAL_IN,ChoiceWallIR,0,null
176894.782,DIGITAL_IN,Hole5NP,-1,null
176914.773,DIGITAL_IN,Hole5NP,0,null
177034.72,DIGITAL_IN,Hole5NP,-1,null
177374.568,DIGITAL_IN,Hole5NP,0,null
177650.445,DIGITAL_IN,Hole5NP,-1,null
177798.379,DIGITAL_IN,Hole5NP,0,null
177930.32,DIGITAL_IN,ChoiceWallIR,-1,null
178010.284,DIGITAL_IN,ChoiceWallIR,0,null
178378.12,DIGITAL_IN,ChoiceWallIR,-1,null
178989.847,DIGITAL_IN,ChoiceWallIR,0,null
179409.66,DIGITAL_IN,ChoiceWallIR,-1,null
179677.54,DIGITAL_IN,ChoiceWallIR,0,null
179693.533,DIGITAL_IN,ChoiceWallIR,-1,null
179713.524,DIGITAL_IN,ChoiceWallIR,0,null
179897.442,DIGITAL_IN,ChoiceWallIR,-1,null
179961.414,DIGITAL_IN,ChoiceWallIR,0,null
180333.248,DIGITAL_IN,Hole5NP,-1,null
180481.182,DIGITAL_IN,ChoiceWallIR,-1,null
180493.177,DIGITAL_IN,ChoiceWallIR,0,null
180513.168,DIGITAL_IN,Hole5NP,0,null
181213.855,DIGITAL_IN,ChoiceWallIR,-1,null
181225.85,DIGITAL_IN,ChoiceWallIR,0,null
182097.461,DIGITAL_IN,ChoiceWallIR,-1,null
182157.434,DIGITAL_IN,ChoiceWallIR,0,null
182205.413,DIGITAL_IN,Hole6NP,-1,null
182273.382,DIGITAL_IN,Hole6NP,0,null
182285.377,DIGITAL_IN,ChoiceWallIR,-1,null
182293.374,DIGITAL_IN,ChoiceWallIR,0,null
182469.295,DIGITAL_IN,ChoiceWallIR,-1,null
184904.208,DIGITAL_IN,ChoiceWallIR,0,null
184916.203,DIGITAL_IN,ChoiceWallIR,-1,null
184956.185,DIGITAL_IN,Hole5NP,-1,null
184982.804,PROGRAMMATIC,PITimerEvent,-1,null
184982.804,ALWAYS,ITI,-1,null
185387.993,DIGITAL_IN,Hole5NP,0,null
185983.727,DIGITAL_IN,ChoiceWallIR,0,null
186003.718,DIGITAL_IN,ChoiceWallIR,-1,null
186027.708,DIGITAL_IN,ChoiceWallIR,0,null
186151.652,DIGITAL_IN,ChoiceWallIR,-1,null
186175.641,DIGITAL_IN,ChoiceWallIR,0,null
186427.529,DIGITAL_IN,ChoiceWallIR,-1,null
186443.522,DIGITAL_IN,ChoiceWallIR,0,null
187392.099,DIGITAL_IN,TrayWallIR,-1,null
191978.053,DIGITAL_IN,TrayWallIR,0,null
192074.01,DIGITAL_IN,TrayWallIR,-1,null
192082.006,DIGITAL_IN,TrayWallIR,0,null
194306.014,DIGITAL_IN,ChoiceWallIR,-1,null
194310.014,DIGITAL_IN,ChoiceWallIR,0,null
195413.52,DIGITAL_IN,ChoiceWallIR,-1,null
195557.456,DIGITAL_IN,ChoiceWallIR,0,null
195773.359,DIGITAL_IN,ChoiceWallIR,-1,null
195877.313,DIGITAL_IN,ChoiceWallIR,0,null
195985.265,DIGITAL_IN,ChoiceWallIR,-1,null
195997.259,DIGITAL_IN,ChoiceWallIR,0,null
196037.242,DIGITAL_IN,ChoiceWallIR,-1,null
196053.234,DIGITAL_IN,ChoiceWallIR,0,null
196425.069,DIGITAL_IN,Hole5NP,-1,null
196640.972,DIGITAL_IN,Hole5NP,0,null
196652.967,DIGITAL_IN,ChoiceWallIR,-1,null
196708.942,DIGITAL_IN,ChoiceWallIR,0,null
196928.845,DIGITAL_IN,ChoiceWallIR,-1,null
196936.84,DIGITAL_IN,ChoiceWallIR,0,null
197280.687,DIGITAL_IN,ChoiceWallIR,-1,null
197392.637,DIGITAL_IN,ChoiceWallIR,0,null
200896.074,DIGITAL_IN,TrayWallIR,-1,null
201147.961,DIGITAL_IN,TrayWallIR,0,null
204982.804,PROGRAMMATIC,ITITimerEvent,-1,null
206077.762,DIGITAL_IN,ChoiceWallIR,-1,null
206093.755,DIGITAL_IN,ChoiceWallIR,0,null
206113.746,DIGITAL_IN,ChoiceWallIR,-1,null
206117.745,DIGITAL_IN,ChoiceWallIR,0,null
206497.575,DIGITAL_IN,ChoiceWallIR,-1,null
206666.499,DIGITAL_IN,ChoiceWallIR,0,null
206702.483,DIGITAL_IN,ChoiceWallIR,-1,null
206774.451,DIGITAL_IN,ChoiceWallIR,0,null
206882.403,DIGITAL_IN,ChoiceWallIR,-1,null
207370.185,DIGITAL_IN,ChoiceWallIR,0,null
207580.804,PROGRAMMATIC,RandITITimerEvent,-1,null
207580.804,PROGRAMMATIC,PIEvent,-1,null
209637.174,DIGITAL_IN,TrayWallIR,-1,null
209645.17,DIGITAL_IN,TrayWallIR,0,null
209765.117,DIGITAL_IN,TrayWallIR,-1,null
217626.61,DIGITAL_IN,TrayWallIR,0,null
217894.49,DIGITAL_IN,ChoiceWallIR,-1,null
217938.47,DIGITAL_IN,ChoiceWallIR,0,null
217994.445,DIGITAL_IN,ChoiceWallIR,-1,null
218322.299,DIGITAL_IN,ChoiceWallIR,0,null
218406.262,DIGITAL_IN,Hole5NP,-1,null
219033.982,DIGITAL_IN,Hole5NP,0,null
219045.976,DIGITAL_IN,ChoiceWallIR,-1,null
219069.965,DIGITAL_IN,ChoiceWallIR,0,null
219477.784,DIGITAL_IN,Hole5NP,-1,null
219633.714,DIGITAL_IN,Hole5NP,0,null
219754.66,DIGITAL_IN,ChoiceWallIR,-1,null
220706.235,DIGITAL_IN,ChoiceWallIR,0,null
221501.88,DIGITAL_IN,ChoiceWallIR,-1,null
221745.772,DIGITAL_IN,ChoiceWallIR,0,null
221757.767,DIGITAL_IN,ChoiceWallIR,-1,null
221781.756,DIGITAL_IN,ChoiceWallIR,0,null
221917.695,DIGITAL_IN,ChoiceWallIR,-1,null
221985.665,DIGITAL_IN,ChoiceWallIR,0,null
222161.586,DIGITAL_IN,ChoiceWallIR,-1,null
222165.585,DIGITAL_IN,ChoiceWallIR,0,null
222201.568,DIGITAL_IN,TrayWallIR,-1,null
222749.324,DIGITAL_IN,TrayWallIR,0,null
222953.233,DIGITAL_IN,TrayWallIR,-1,null
225680.016,DIGITAL_IN,TrayWallIR,0,null
225684.016,DIGITAL_IN,TrayWallIR,-1,null
225696.009,DIGITAL_IN,TrayWallIR,0,null
225963.89,DIGITAL_IN,ChoiceWallIR,-1,null
226183.792,DIGITAL_IN,ChoiceWallIR,0,null
226199.785,DIGITAL_IN,Hole5NP,-1,null
226404.693,DIGITAL_IN,Hole5NP,0,null
226560.624,DIGITAL_IN,Hole5NP,-1,null
226904.47,DIGITAL_IN,Hole5NP,0,null
227784.078,DIGITAL_IN,ChoiceWallIR,-1,null
227788.078,DIGITAL_IN,ChoiceWallIR,0,null
227872.038,DIGITAL_IN,ChoiceWallIR,-1,null
228127.924,DIGITAL_IN,ChoiceWallIR,0,null
228243.873,DIGITAL_IN,ChoiceWallIR,-1,null
228655.689,DIGITAL_IN,ChoiceWallIR,0,null
239704.759,DIGITAL_IN,TrayWallIR,-1,null
239840.699,DIGITAL_IN,TrayWallIR,0,null
241503.96,DIGITAL_IN,ChoiceWallIR,-1,null
241523.948,DIGITAL_IN,ChoiceWallIR,0,null
241819.816,DIGITAL_IN,ChoiceWallIR,-1,null
241851.802,DIGITAL_IN,Hole5NP,-1,null
242115.684,DIGITAL_IN,ChoiceWallIR,0,null
242287.607,DIGITAL_IN,Hole5NP,0,null
242527.5,DIGITAL_IN,ChoiceWallIR,-1,null
242543.493,DIGITAL_IN,ChoiceWallIR,0,null
242719.414,DIGITAL_IN,ChoiceWallIR,-1,null
242819.37,DIGITAL_IN,ChoiceWallIR,0,null
243367.125,DIGITAL_IN,ChoiceWallIR,-1,null
243910.883,DIGITAL_IN,Hole5NP,-1,null
244222.744,DIGITAL_IN,Hole5NP,0,null
245038.38,DIGITAL_IN,ChoiceWallIR,0,null
245362.235,DIGITAL_IN,Hole5NP,-1,null
245434.203,DIGITAL_IN,Hole5NP,0,null
245602.128,DIGITAL_IN,ChoiceWallIR,-1,null
246106.903,DIGITAL_IN,ChoiceWallIR,0,null
247670.205,DIGITAL_IN,ChoiceWallIR,-1,null
248877.667,DIGITAL_IN,Hole5NP,-1,null
249109.563,DIGITAL_IN,Hole5NP,0,null
249357.453,DIGITAL_IN,Hole5NP,-1,null
249577.355,DIGITAL_IN,Hole5NP,0,null
249853.231,DIGITAL_IN,ChoiceWallIR,0,null
249893.214,DIGITAL_IN,ChoiceWallIR,-1,null
250484.95,DIGITAL_IN,ChoiceWallIR,0,null
250560.916,DIGITAL_IN,ChoiceWallIR,-1,null
251648.431,DIGITAL_IN,ChoiceWallIR,0,null
251700.407,DIGITAL_IN,ChoiceWallIR,-1,null
251916.311,DIGITAL_IN,ChoiceWallIR,0,null
252580.804,PROGRAMMATIC,PITimerEvent,-1,null
252580.804,ALWAYS,ITI,-1,null
252728.949,DIGITAL_IN,ChoiceWallIR,-1,null
252756.936,DIGITAL_IN,ChoiceWallIR,0,null
252808.913,DIGITAL_IN,ChoiceWallIR,-1,null
252824.906,DIGITAL_IN,ChoiceWallIR,0,null
252888.877,DIGITAL_IN,ChoiceWallIR,-1,null
252908.868,DIGITAL_IN,ChoiceWallIR,0,null
253388.654,DIGITAL_IN,ChoiceWallIR,-1,null
253684.522,DIGITAL_IN,Hole5NP,-1,null
253956.401,DIGITAL_IN,Hole5NP,0,null
254548.137,DIGITAL_IN,ChoiceWallIR,0,null
254584.121,DIGITAL_IN,ChoiceWallIR,-1,null
254612.108,DIGITAL_IN,ChoiceWallIR,0,null
254812.019,DIGITAL_IN,ChoiceWallIR,-1,null
255239.828,DIGITAL_IN,ChoiceWallIR,0,null
255327.789,DIGITAL_IN,ChoiceWallIR,-1,null
255343.782,DIGITAL_IN,ChoiceWallIR,0,null
255359.775,DIGITAL_IN,ChoiceWallIR,-1,null
255383.764,DIGITAL_IN,ChoiceWallIR,0,null
256167.414,DIGITAL_IN,ChoiceWallIR,-1,null
256367.325,DIGITAL_IN,ChoiceWallIR,0,null
257446.844,DIGITAL_IN,ChoiceWallIR,-1,null
258410.414,DIGITAL_IN,ChoiceWallIR,0,null
259147.085,DIGITAL_IN,ChoiceWallIR,-1,null
259215.055,DIGITAL_IN,ChoiceWallIR,0,null
260294.573,DIGITAL_IN,Hole6NP,-1,null
260546.461,DIGITAL_IN,Hole6NP,0,null
260854.323,DIGITAL_IN,ChoiceWallIR,-1,null
261038.242,DIGITAL_IN,ChoiceWallIR,0,null
261070.227,DIGITAL_IN,ChoiceWallIR,-1,null
261130.2,DIGITAL_IN,ChoiceWallIR,0,null
261853.877,DIGITAL_IN,ChoiceWallIR,-1,null
261865.872,DIGITAL_IN,ChoiceWallIR,0,null
261873.868,DIGITAL_IN,ChoiceWallIR,-1,null
261877.867,DIGITAL_IN,ChoiceWallIR,0,null
262237.706,DIGITAL_IN,ChoiceWallIR,-1,null
262249.701,DIGITAL_IN,ChoiceWallIR,0,null
263401.187,DIGITAL_IN,ChoiceWallIR,-1,null
264320.777,DIGITAL_IN,ChoiceWallIR,0,null
264420.732,DIGITAL_IN,TrayWallIR,-1,null
264608.648,DIGITAL_IN,ChoiceWallIR,-1,null
264616.645,DIGITAL_IN,ChoiceWallIR,0,null
265316.333,DIGITAL_IN,TrayWallIR,0,null
265428.283,DIGITAL_IN,ChoiceWallIR,-1,null
265537.234,DIGITAL_IN,ChoiceWallIR,0,null
265565.222,DIGITAL_IN,ChoiceWallIR,-1,null
265641.188,DIGITAL_IN,ChoiceWallIR,0,null
265681.17,DIGITAL_IN,ChoiceWallIR,-1,null
265697.163,DIGITAL_IN,ChoiceWallIR,0,null
265965.043,DIGITAL_IN,Hole5NP,-1,null
266076.993,DIGITAL_IN,Hole5NP,0,null
266804.669,DIGITAL_IN,ChoiceWallIR,-1,null
266816.663,DIGITAL_IN,ChoiceWallIR,0,null
266832.656,DIGITAL_IN,ChoiceWallIR,-1,null
267116.53,DIGITAL_IN,ChoiceWallIR,0,null
267148.515,DIGITAL_IN,ChoiceWallIR,-1,null
269219.591,DIGITAL_IN,ChoiceWallIR,0,null
269243.58,DIGITAL_IN,ChoiceWallIR,-1,null
269347.534,DIGITAL_IN,ChoiceWallIR,0,null
269499.466,DIGITAL_IN,ChoiceWallIR,-1,null
269503.466,DIGITAL_IN,ChoiceWallIR,0,null
269755.352,DIGITAL_IN,ChoiceWallIR,-1,null
270938.824,DIGITAL_IN,ChoiceWallIR,0,null
270986.803,DIGITAL_IN,TrayWallIR,-1,null
272580.804,PROGRAMMATIC,ITITimerEvent,-1,null
273250.793,DIGITAL_IN,TrayWallIR,0,null
274386.286,DIGITAL_IN,TrayWallIR,-1,null
274406.277,DIGITAL_IN,TrayWallIR,0,null
274510.231,DIGITAL_IN,TrayWallIR,-1,null
274518.227,DIGITAL_IN,TrayWallIR,0,null
274530.222,DIGITAL_IN,TrayWallIR,-1,null
274534.221,DIGITAL_IN,TrayWallIR,0,null
275002.011,DIGITAL_IN,TrayWallIR,-1,null
275006.011,DIGITAL_IN,TrayWallIR,0,null
275145.947,DIGITAL_IN,TrayWallIR,-1,null
275589.804,PROGRAMMATIC,RandITITimerEvent,-1,null
275589.804,PROGRAMMATIC,PIEvent,-1,null
276141.503,DIGITAL_IN,TrayWallIR,0,null
276429.375,DIGITAL_IN,ChoiceWallIR,-1,null
276437.371,DIGITAL_IN,ChoiceWallIR,0,null
276521.333,DIGITAL_IN,ChoiceWallIR,-1,null
276525.333,DIGITAL_IN,ChoiceWallIR,0,null
276585.305,DIGITAL_IN,Hole5NP,-1,null
276889.17,DIGITAL_IN,Hole5NP,0,null
277288.991,DIGITAL_IN,Hole5NP,-1,null
277312.98,DIGITAL_IN,Hole5NP,0,null
277576.863,DIGITAL_IN,ChoiceWallIR,-1,null
277876.729,DIGITAL_IN,ChoiceWallIR,0,null
277988.679,DIGITAL_IN,ChoiceWallIR,-1,null
278064.645,DIGITAL_IN,ChoiceWallIR,0,null
278172.597,DIGITAL_IN,ChoiceWallIR,-1,null
278388.501,DIGITAL_IN,ChoiceWallIR,0,null
278545.43,DIGITAL_IN,ChoiceWallIR,-1,null
278573.418,DIGITAL_IN,ChoiceWallIR,0,null
278581.415,DIGITAL_IN,ChoiceWallIR,-1,null
279816.863,DIGITAL_IN,ChoiceWallIR,0,null
279892.829,DIGITAL_IN,ChoiceWallIR,-1,null
279896.829,DIGITAL_IN,ChoiceWallIR,0,null
279908.822,DIGITAL_IN,TrayWallIR,-1,null
279948.804,DIGITAL_IN,TrayWallIR,0,null
280300.648,DIGITAL_IN,TrayWallIR,-1,null
280304.647,DIGITAL_IN,TrayWallIR,0,null
280484.565,DIGITAL_IN,TrayWallIR,-1,null
280548.537,DIGITAL_IN,TrayWallIR,0,null
283135.383,DIGITAL_IN,TrayWallIR,-1,null
283139.382,DIGITAL_IN,TrayWallIR,0,null
285859.167,DIGITAL_IN,ChoiceWallIR,-1,null
286003.103,DIGITAL_IN,ChoiceWallIR,0,null
286055.08,DIGITAL_IN,ChoiceWallIR,-1,null
286067.075,DIGITAL_IN,ChoiceWallIR,0,null
286235.0,DIGITAL_IN,ChoiceWallIR,-1,null
286274.982,DIGITAL_IN,ChoiceWallIR,0,null
286402.925,DIGITAL_IN,Hole5NP,-1,null
286430.912,DIGITAL_IN,ChoiceWallIR,-1,null
286602.836,DIGITAL_IN,Hole5NP,0,null
286942.684,DIGITAL_IN,Hole5NP,-1,null
287142.595,DIGITAL_IN,Hole5NP,0,null
287886.263,DIGITAL_IN,TrayWallIR,-1,null
287902.256,DIGITAL_IN,TrayWallIR,0,null
288246.103,DIGITAL_IN,ChoiceWallIR,0,null
288366.049,DIGITAL_IN,TrayWallIR,-1,null
288374.045,DIGITAL_IN,TrayWallIR,0,null
288537.972,DIGITAL_IN,ChoiceWallIR,-1,null
288749.878,DIGITAL_IN,ChoiceWallIR,0,null
288841.837,DIGITAL_IN,ChoiceWallIR,-1,null
289441.569,DIGITAL_IN,ChoiceWallIR,0,null
289553.519,DIGITAL_IN,Hole5NP,-1,null
289833.394,DIGITAL_IN,ChoiceWallIR,-1,null
289961.337,DIGITAL_IN,Hole5NP,0,null
290433.127,DIGITAL_IN,Hole6NP,-1,null
290661.025,DIGITAL_IN,Hole6NP,0,null
290896.92,DIGITAL_IN,Hole5NP,-1,null
290908.914,DIGITAL_IN,Hole5NP,0,null
290920.909,DIGITAL_IN,Hole5NP,-1,null
291100.829,DIGITAL_IN,Hole5NP,0,null
291444.675,DIGITAL_IN,ChoiceWallIR,0,null
291524.64,DIGITAL_IN,ChoiceWallIR,-1,null
291665.577,DIGITAL_IN,ChoiceWallIR,0,null
291745.541,DIGITAL_IN,ChoiceWallIR,-1,null
291757.536,DIGITAL_IN,ChoiceWallIR,0,null
291825.506,DIGITAL_IN,ChoiceWallIR,-1,null
291889.477,DIGITAL_IN,ChoiceWallIR,0,null
294432.342,DIGITAL_IN,ChoiceWallIR,-1,null
294468.326,DIGITAL_IN,ChoiceWallIR,0,null
294552.289,DIGITAL_IN,ChoiceWallIR,-1,null
294572.281,DIGITAL_IN,ChoiceWallIR,0,null
294632.253,DIGITAL_IN,ChoiceWallIR,-1,null
294644.248,DIGITAL_IN,ChoiceWallIR,0,null
294816.171,DIGITAL_IN,Hole5NP,-1,null
295363.927,DIGITAL_IN,Hole5NP,0,null
295391.914,DIGITAL_IN,ChoiceWallIR,-1,null
295419.902,DIGITAL_IN,ChoiceWallIR,0,null
296039.625,DIGITAL_IN,ChoiceWallIR,-1,null
296147.577,DIGITAL_IN,ChoiceWallIR,0,null
296399.465,DIGITAL_IN,ChoiceWallIR,-1,null
296603.374,DIGITAL_IN,ChoiceWallIR,0,null
296835.271,DIGITAL_IN,ChoiceWallIR,-1,null
296839.27,DIGITAL_IN,ChoiceWallIR,0,null
297774.851,DIGITAL_IN,ChoiceWallIR,-1,null
298094.709,DIGITAL_IN,ChoiceWallIR,0,null
298135.69,DIGITAL_IN,ChoiceWallIR,-1,null
298139.69,DIGITAL_IN,ChoiceWallIR,0,null
298231.647,DIGITAL_IN,TrayWallIR,-1,null
299499.082,DIGITAL_IN,TrayWallIR,0,null
302045.946,DIGITAL_IN,TrayWallIR,-1,null
303053.496,DIGITAL_IN,TrayWallIR,0,null
303377.352,DIGITAL_IN,ChoiceWallIR,-1,null
303725.197,DIGITAL_IN,ChoiceWallIR,0,null
303801.163,DIGITAL_IN,Hole5NP,-1,null
304184.991,DIGITAL_IN,Hole5NP,0,null
304324.929,DIGITAL_IN,ChoiceWallIR,-1,null
304520.841,DIGITAL_IN,ChoiceWallIR,0,null
304596.809,DIGITAL_IN,ChoiceWallIR,-1,null
304608.802,DIGITAL_IN,ChoiceWallIR,0,null
304697.763,DIGITAL_IN,ChoiceWallIR,-1,null
305265.509,DIGITAL_IN,ChoiceWallIR,0,null
305357.469,DIGITAL_IN,TrayWallIR,-1,null
307060.708,DIGITAL_IN,TrayWallIR,0,null
307168.66,DIGITAL_IN,ChoiceWallIR,-1,null
307200.646,DIGITAL_IN,ChoiceWallIR,0,null
307304.599,DIGITAL_IN,ChoiceWallIR,-1,null
307312.596,DIGITAL_IN,ChoiceWallIR,0,null
307392.56,DIGITAL_IN,ChoiceWallIR,-1,null
307404.555,DIGITAL_IN,ChoiceWallIR,0,null
307584.475,DIGITAL_IN,Hole5NP,-1,null
308008.286,DIGITAL_IN,Hole5NP,0,null
308496.068,DIGITAL_IN,ChoiceWallIR,-1,null
308604.02,DIGITAL_IN,ChoiceWallIR,0,null
308616.014,DIGITAL_IN,ChoiceWallIR,-1,null
308636.006,DIGITAL_IN,ChoiceWallIR,0,null
308659.995,DIGITAL_IN,ChoiceWallIR,-1,null
308687.982,DIGITAL_IN,ChoiceWallIR,0,null
308775.943,DIGITAL_IN,ChoiceWallIR,-1,null
308815.925,DIGITAL_IN,ChoiceWallIR,0,null
309031.829,DIGITAL_IN,ChoiceWallIR,-1,null
310675.096,DIGITAL_IN,ChoiceWallIR,0,null
317321.131,DIGITAL_IN,TrayWallIR,-1,null
317369.109,DIGITAL_IN,TrayWallIR,0,null
317704.959,DIGITAL_IN,TrayWallIR,-1,null
317708.959,DIGITAL_IN,TrayWallIR,0,null
318721.506,DIGITAL_IN,TrayWallIR,-1,null
320532.698,DIGITAL_IN,TrayWallIR,0,null
320589.804,PROGRAMMATIC,PITimerEvent,-1,null
320589.804,ALWAYS,ITI,-1,null
320696.625,DIGITAL_IN,ChoiceWallIR,-1,null
320944.514,DIGITAL_IN,ChoiceWallIR,0,null
320952.51,DIGITAL_IN,Hole5NP,-1,null
321248.379,DIGITAL_IN,Hole5NP,0,null
321396.312,DIGITAL_IN,Hole5NP,-1,null
321584.229,DIGITAL_IN,Hole5NP,0,null
322044.023,DIGITAL_IN,ChoiceWallIR,-1,null
322271.922,DIGITAL_IN,ChoiceWallIR,0,null
322391.868,DIGITAL_IN,ChoiceWallIR,-1,null
322407.861,DIGITAL_IN,ChoiceWallIR,0,null
322583.783,DIGITAL_IN,ChoiceWallIR,-1,null
325755.368,DIGITAL_IN,ChoiceWallIR,0,null
325787.353,DIGITAL_IN,ChoiceWallIR,-1,null
326167.184,DIGITAL_IN,ChoiceWallIR,0,null
327154.743,DIGITAL_IN,ChoiceWallIR,-1,null
328706.051,DIGITAL_IN,ChoiceWallIR,0,null
328829.996,DIGITAL_IN,ChoiceWallIR,-1,null
328965.935,DIGITAL_IN,ChoiceWallIR,0,null
329033.905,DIGITAL_IN,Hole5NP,-1,null
329041.901,DIGITAL_IN,ChoiceWallIR,-1,null
329089.88,DIGITAL_IN,ChoiceWallIR,0,null
329149.853,DIGITAL_IN,ChoiceWallIR,-1,null
329221.821,DIGITAL_IN,Hole5NP,0,null
330125.418,DIGITAL_IN,ChoiceWallIR,0,null
330573.218,DIGITAL_IN,TrayWallIR,-1,null
331969.595,DIGITAL_IN,TrayWallIR,0,null
331981.59,DIGITAL_IN,TrayWallIR,-1,null
331985.589,DIGITAL_IN,TrayWallIR,0,null
333017.128,DIGITAL_IN,TrayWallIR,-1,null
333121.081,DIGITAL_IN,TrayWallIR,0,null
335743.912,DIGITAL_IN,TrayWallIR,-1,null
335791.89,DIGITAL_IN,TrayWallIR,0,null
336051.774,DIGITAL_IN,TrayWallIR,-1,null
340589.804,PROGRAMMATIC,ITITimerEvent,-1,null
341046.545,DIGITAL_IN,TrayWallIR,0,null
341238.46,DIGITAL_IN,TrayWallIR,-1,null
344062.2,DIGITAL_IN,TrayWallIR,0,null
344086.189,DIGITAL_IN,TrayWallIR,-1,null
344094.186,DIGITAL_IN,TrayWallIR,0,null
344354.07,DIGITAL_IN,ChoiceWallIR,-1,null
344462.022,DIGITAL_IN,ChoiceWallIR,0,null
344581.968,DIGITAL_IN,ChoiceWallIR,-1,null
344605.957,DIGITAL_IN,ChoiceWallIR,0,null
344661.936,DIGITAL_IN,ChoiceWallIR,-1,null
344673.927,DIGITAL_IN,ChoiceWallIR,0,null
345253.668,DIGITAL_IN,ChoiceWallIR,-1,null
345257.668,DIGITAL_IN,Hole5NP,-1,null
345289.652,DIGITAL_IN,ChoiceWallIR,0,null
345329.635,DIGITAL_IN,Hole5NP,0,null
345561.531,DIGITAL_IN,ChoiceWallIR,-1,null
345705.467,DIGITAL_IN,ChoiceWallIR,0,null
345805.422,DIGITAL_IN,ChoiceWallIR,-1,null
345813.419,DIGITAL_IN,ChoiceWallIR,0,null
345985.342,DIGITAL_IN,ChoiceWallIR,-1,null
346029.322,DIGITAL_IN,ChoiceWallIR,0,null
346053.312,DIGITAL_IN,ChoiceWallIR,-1,null
346489.117,DIGITAL_IN,ChoiceWallIR,0,null
348488.804,PROGRAMMATIC,RandITITimerEvent,-1,null
348488.804,PROGRAMMATIC,FIEvent,-1,null
349655.704,DIGITAL_IN,TrayWallIR,-1,null
351703.791,DIGITAL_IN,TrayWallIR,0,null
351843.728,DIGITAL_IN,ChoiceWallIR,-1,null
351855.723,DIGITAL_IN,ChoiceWallIR,0,null
351971.671,DIGITAL_IN,ChoiceWallIR,-1,null
351975.67,DIGITAL_IN,ChoiceWallIR,0,null
352199.57,DIGITAL_IN,Hole5NP,-1,null
352475.446,DIGITAL_IN,Hole5NP,0,null
352963.229,DIGITAL_IN,ChoiceWallIR,-1,null
353015.206,DIGITAL_IN,Hole5NP,-1,null
353027.2,DIGITAL_IN,ChoiceWallIR,0,null
353063.184,DIGITAL_IN,Hole5NP,0,null
353079.177,DIGITAL_IN,ChoiceWallIR,-1,null
353091.172,DIGITAL_IN,ChoiceWallIR,0,null
353870.824,DIGITAL_IN,Hole5NP,-1,null
354166.692,DIGITAL_IN,ChoiceWallIR,-1,null
354238.66,DIGITAL_IN,Hole5NP,0,null
354594.501,DIGITAL_IN,ChoiceWallIR,0,null
354622.489,DIGITAL_IN,Hole5NP,-1,null
354666.469,DIGITAL_IN,Hole5NP,0,null
354906.362,DIGITAL_IN,Hole5NP,-1,null
355166.246,DIGITAL_IN,ChoiceWallIR,-1,null
355202.23,DIGITAL_IN,Hole5NP,0,null
355582.06,DIGITAL_IN,ChoiceWallIR,0,null
355857.937,DIGITAL_IN,ChoiceWallIR,-1,null
356285.746,DIGITAL_IN,ChoiceWallIR,0,null
356497.652,DIGITAL_IN,ChoiceWallIR,-1,null
356505.648,DIGITAL_IN,ChoiceWallIR,0,null
356697.563,DIGITAL_IN,TrayWallIR,-1,null
356885.479,DIGITAL_IN,TrayWallIR,0,null
357678.125,DIGITAL_IN,TrayWallIR,-1,null
363488.804,PROGRAMMATIC,FITimerEvent,-1,null
364288.176,DIGITAL_IN,TrayWallIR,0,null
364368.141,DIGITAL_IN,TrayWallIR,-1,null
364632.023,DIGITAL_IN,TrayWallIR,0,null
364763.964,DIGITAL_IN,ChoiceWallIR,-1,null
364859.921,DIGITAL_IN,ChoiceWallIR,0,null
364915.896,DIGITAL_IN,ChoiceWallIR,-1,null
364939.886,DIGITAL_IN,ChoiceWallIR,0,null
364987.864,DIGITAL_IN,ChoiceWallIR,-1,null
364999.859,DIGITAL_IN,ChoiceWallIR,0,null
365195.772,DIGITAL_IN,Hole5NP,-1,null
365195.772,PROGRAMMATIC,Hole5Event,-1,null
365327.713,DIGITAL_IN,Hole5NP,0,null
365519.627,DIGITAL_IN,ChoiceWallIR,-1,null
365551.613,DIGITAL_IN,ChoiceWallIR,0,null
366019.404,DIGITAL_IN,TrayWallIR,-1,null
366395.772,PROGRAMMATIC,FeederTimerEvent,-1,null
366395.772,ALWAYS,ITI,-1,null
386395.772,PROGRAMMATIC,ITITimerEvent,-1,null
388893.772,PROGRAMMATIC,RandITITimerEvent,-1,null
388893.772,PROGRAMMATIC,PIEvent,-1,null
393515.137,DIGITAL_IN,TrayWallIR,0,null
393743.035,DIGITAL_IN,ChoiceWallIR,-1,null
393751.031,DIGITAL_IN,ChoiceWallIR,0,null
393870.978,DIGITAL_IN,ChoiceWallIR,-1,null
394002.919,DIGITAL_IN,ChoiceWallIR,0,null
394214.824,DIGITAL_IN,Hole5NP,-1,null
394514.691,DIGITAL_IN,ChoiceWallIR,-1,null
394694.61,DIGITAL_IN,Hole5NP,0,null
395074.441,DIGITAL_IN,ChoiceWallIR,0,null
395126.418,DIGITAL_IN,Hole5NP,-1,null
395266.355,DIGITAL_IN,Hole5NP,0,null
395670.175,DIGITAL_IN,ChoiceWallIR,-1,null
400840.868,DIGITAL_IN,ChoiceWallIR,0,null
400964.813,DIGITAL_IN,Hole5NP,-1,null
401372.631,DIGITAL_IN,ChoiceWallIR,-1,null
401440.601,DIGITAL_IN,Hole5NP,0,null
402136.29,DIGITAL_IN,Hole5NP,-1,null
402272.23,DIGITAL_IN,ChoiceWallIR,0,null
402436.156,DIGITAL_IN,ChoiceWallIR,-1,null
402452.149,DIGITAL_IN,Hole5NP,0,null
403140.842,DIGITAL_IN,ChoiceWallIR,0,null
403528.669,DIGITAL_IN,TrayWallIR,-1,null
407650.83,DIGITAL_IN,TrayWallIR,0,null
407706.805,DIGITAL_IN,TrayWallIR,-1,null
407722.798,DIGITAL_IN,TrayWallIR,0,null
407938.701,DIGITAL_IN,ChoiceWallIR,-1,null
407946.698,DIGITAL_IN,ChoiceWallIR,0,null
407974.685,DIGITAL_IN,ChoiceWallIR,-1,null
408182.593,DIGITAL_IN,ChoiceWallIR,0,null
408262.557,DIGITAL_IN,Hole5NP,-1,null
409010.224,DIGITAL_IN,ChoiceWallIR,-1,null
409034.213,DIGITAL_IN,Hole5NP,0,null
409690.92,DIGITAL_IN,ChoiceWallIR,0,null
409982.79,DIGITAL_IN,ChoiceWallIR,-1,null
410490.563,DIGITAL_IN,ChoiceWallIR,0,null
410522.549,DIGITAL_IN,ChoiceWallIR,-1,null
410554.535,DIGITAL_IN,ChoiceWallIR,0,null
410698.47,DIGITAL_IN,ChoiceWallIR,-1,null
412241.782,DIGITAL_IN,ChoiceWallIR,0,null
412333.741,DIGITAL_IN,ChoiceWallIR,-1,null
412337.74,DIGITAL_IN,ChoiceWallIR,0,null
412457.685,DIGITAL_IN,ChoiceWallIR,-1,null
413261.327,DIGITAL_IN,ChoiceWallIR,0,null
413301.309,DIGITAL_IN,ChoiceWallIR,-1,null
413669.145,DIGITAL_IN,Hole5NP,-1,null
414132.938,DIGITAL_IN,Hole5NP,0,null
414548.752,DIGITAL_IN,ChoiceWallIR,0,null
414656.704,DIGITAL_IN,ChoiceWallIR,-1,null
414660.703,DIGITAL_IN,ChoiceWallIR,0,null
414716.677,DIGITAL_IN,ChoiceWallIR,-1,null
415080.515,DIGITAL_IN,ChoiceWallIR,0,null
415472.34,DIGITAL_IN,ChoiceWallIR,-1,null
415524.317,DIGITAL_IN,ChoiceWallIR,0,null
415532.314,DIGITAL_IN,ChoiceWallIR,-1,null
415560.301,DIGITAL_IN,ChoiceWallIR,0,null
415596.285,DIGITAL_IN,ChoiceWallIR,-1,null
417736.33,DIGITAL_IN,ChoiceWallIR,0,null
418679.909,DIGITAL_IN,ChoiceWallIR,-1,null
419391.592,DIGITAL_IN,Hole5NP,-1,null
419623.488,DIGITAL_IN,Hole5NP,0,null
419867.38,DIGITAL_IN,Hole5NP,-1,null
420103.274,DIGITAL_IN,Hole5NP,0,null
420750.985,DIGITAL_IN,ChoiceWallIR,0,null
420774.976,DIGITAL_IN,ChoiceWallIR,-1,null
422978.991,DIGITAL_IN,Hole5NP,-1,null
423114.931,DIGITAL_IN,ChoiceWallIR,0,null
423566.729,DIGITAL_IN,ChoiceWallIR,-1,null
423602.713,DIGITAL_IN,Hole5NP,0,null
424386.363,DIGITAL_IN,ChoiceWallIR,0,null
424722.214,DIGITAL_IN,Hole6NP,-1,null
424766.194,DIGITAL_IN,Hole6NP,0,null
425050.067,DIGITAL_IN,ChoiceWallIR,-1,null
425062.062,DIGITAL_IN,ChoiceWallIR,0,null
425273.967,DIGITAL_IN,ChoiceWallIR,-1,null
425589.826,DIGITAL_IN,ChoiceWallIR,0,null
425649.8,DIGITAL_IN,ChoiceWallIR,-1,null
425677.787,DIGITAL_IN,ChoiceWallIR,0,null
426037.627,DIGITAL_IN,ChoiceWallIR,-1,null
426161.571,DIGITAL_IN,ChoiceWallIR,0,null
426857.261,DIGITAL_IN,TrayWallIR,-1,null
427365.034,DIGITAL_IN,TrayWallIR,0,null
427516.967,DIGITAL_IN,TrayWallIR,-1,null
431312.273,DIGITAL_IN,TrayWallIR,0,null
431336.263,DIGITAL_IN,TrayWallIR,-1,null
431344.259,DIGITAL_IN,TrayWallIR,0,null
431468.204,DIGITAL_IN,ChoiceWallIR,-1,null
431676.111,DIGITAL_IN,ChoiceWallIR,0,null
431692.104,DIGITAL_IN,Hole5NP,-1,null
432091.926,DIGITAL_IN,Hole5NP,0,null
432375.799,DIGITAL_IN,Hole5NP,-1,null
432487.749,DIGITAL_IN,Hole5NP,0,null
432851.587,DIGITAL_IN,Hole5NP,-1,null
433227.419,DIGITAL_IN,ChoiceWallIR,-1,null
433243.412,DIGITAL_IN,Hole5NP,0,null
433291.39,DIGITAL_IN,ChoiceWallIR,0,null
433767.178,DIGITAL_IN,ChoiceWallIR,-1,null
433893.772,PROGRAMMATIC,PITimerEvent,-1,null
433893.772,ALWAYS,ITI,-1,null
435791.275,DIGITAL_IN,ChoiceWallIR,0,null
435855.247,DIGITAL_IN,ChoiceWallIR,-1,null
435927.214,DIGITAL_IN,ChoiceWallIR,0,null
435975.193,DIGITAL_IN,ChoiceWallIR,-1,null
436031.168,DIGITAL_IN,ChoiceWallIR,0,null
436534.943,DIGITAL_IN,ChoiceWallIR,-1,null
436682.877,DIGITAL_IN,ChoiceWallIR,0,null
438825.921,DIGITAL_IN,ChoiceWallIR,-1,null
439841.468,DIGITAL_IN,ChoiceWallIR,0,null
439901.441,DIGITAL_IN,ChoiceWallIR,-1,null
441917.542,DIGITAL_IN,Hole5NP,-1,null
442109.456,DIGITAL_IN,Hole5NP,0,null
442401.326,DIGITAL_IN,ChoiceWallIR,0,null
442429.313,DIGITAL_IN,ChoiceWallIR,-1,null
443252.946,DIGITAL_IN,ChoiceWallIR,0,null
443440.862,DIGITAL_IN,ChoiceWallIR,-1,null
444248.502,DIGITAL_IN,ChoiceWallIR,0,null
444344.459,DIGITAL_IN,ChoiceWallIR,-1,null
444360.452,DIGITAL_IN,ChoiceWallIR,0,null
445168.092,DIGITAL_IN,ChoiceWallIR,-1,null
445188.083,DIGITAL_IN,ChoiceWallIR,0,null
445208.074,DIGITAL_IN,ChoiceWallIR,-1,null
445228.065,DIGITAL_IN,ChoiceWallIR,0,null
448763.488,DIGITAL_IN,TrayWallIR,-1,null
448871.439,DIGITAL_IN,TrayWallIR,0,null
451322.346,DIGITAL_IN,TrayWallIR,-1,null
451326.346,DIGITAL_IN,TrayWallIR,0,null
451802.132,DIGITAL_IN,TrayWallIR,-1,null
452241.936,DIGITAL_IN,TrayWallIR,0,null
452613.77,DIGITAL_IN,TrayWallIR,-1,null
452617.769,DIGITAL_IN,TrayWallIR,0,null
453893.772,PROGRAMMATIC,ITITimerEvent,-1,null
454512.922,DIGITAL_IN,TrayWallIR,-1,null
454584.89,DIGITAL_IN,TrayWallIR,0,null
454596.885,DIGITAL_IN,TrayWallIR,-1,null
454764.81,DIGITAL_IN,TrayWallIR,0,null
454925.738,DIGITAL_IN,TrayWallIR,-1,null
455681.401,DIGITAL_IN,TrayWallIR,0,null
456013.253,DIGITAL_IN,ChoiceWallIR,-1,null
456093.217,DIGITAL_IN,ChoiceWallIR,0,null
456125.203,DIGITAL_IN,ChoiceWallIR,-1,null
456257.144,DIGITAL_IN,ChoiceWallIR,0,null
456305.123,DIGITAL_IN,ChoiceWallIR,-1,null
456353.101,DIGITAL_IN,ChoiceWallIR,0,null
456812.896,DIGITAL_IN,Hole5NP,-1,null
457068.782,DIGITAL_IN,Hole5NP,0,null
457200.723,DIGITAL_IN,ChoiceWallIR,-1,null
457216.716,DIGITAL_IN,ChoiceWallIR,0,null
458100.322,DIGITAL_IN,ChoiceWallIR,-1,null
458124.311,DIGITAL_IN,ChoiceWallIR,0,null
458188.283,DIGITAL_IN,ChoiceWallIR,-1,null
458268.247,DIGITAL_IN,ChoiceWallIR,0,null
458380.197,DIGITAL_IN,ChoiceWallIR,-1,null
458396.19,DIGITAL_IN,ChoiceWallIR,0,null
458480.152,DIGITAL_IN,ChoiceWallIR,-1,null
458712.049,DIGITAL_IN,ChoiceWallIR,0,null
458736.038,DIGITAL_IN,ChoiceWallIR,-1,null
458760.027,DIGITAL_IN,ChoiceWallIR,0,null
458847.988,DIGITAL_IN,ChoiceWallIR,-1,null
458867.979,DIGITAL_IN,ChoiceWallIR,0,null
460443.772,PROGRAMMATIC,RandITITimerEvent,-1,null
460443.772,PROGRAMMATIC,FIEvent,-1,null
463970.703,DIGITAL_IN,TrayWallIR,-1,null
463978.699,DIGITAL_IN,TrayWallIR,0,null
463982.698,DIGITAL_IN,TrayWallIR,-1,null
464082.653,DIGITAL_IN,TrayWallIR,0,null
464342.537,DIGITAL_IN,TrayWallIR,-1,null
464470.48,DIGITAL_IN,TrayWallIR,0,null
465114.193,DIGITAL_IN,ChoiceWallIR,-1,null
465178.164,DIGITAL_IN,ChoiceWallIR,0,null
465238.137,DIGITAL_IN,ChoiceWallIR,-1,null
465386.071,DIGITAL_IN,ChoiceWallIR,0,null
465637.959,DIGITAL_IN,Hole5NP,-1,null
465649.954,DIGITAL_IN,Hole5NP,0,null
465673.943,DIGITAL_IN,Hole5NP,-1,null
465957.816,DIGITAL_IN,Hole5NP,0,null
466345.643,DIGITAL_IN,ChoiceWallIR,-1,null
467097.308,DIGITAL_IN,ChoiceWallIR,0,null
467413.167,DIGITAL_IN,Hole5NP,-1,null
467477.138,DIGITAL_IN,ChoiceWallIR,-1,null
467689.044,DIGITAL_IN,Hole5NP,0,null
468009.901,DIGITAL_IN,Hole5NP,-1,null
468325.76,DIGITAL_IN,Hole5NP,0,null
468957.478,DIGITAL_IN,ChoiceWallIR,0,null
468977.469,DIGITAL_IN,ChoiceWallIR,-1,null
469009.455,DIGITAL_IN,ChoiceWallIR,0,null
469037.442,DIGITAL_IN,ChoiceWallIR,-1,null
469301.324,DIGITAL_IN,ChoiceWallIR,0,null
469489.241,DIGITAL_IN,ChoiceWallIR,-1,null
469545.216,DIGITAL_IN,ChoiceWallIR,0,null
469573.203,DIGITAL_IN,ChoiceWallIR,-1,null
469625.18,DIGITAL_IN,ChoiceWallIR,0,null
469745.126,DIGITAL_IN,ChoiceWallIR,-1,null
469753.123,DIGITAL_IN,ChoiceWallIR,0,null
469785.109,DIGITAL_IN,ChoiceWallIR,-1,null
471096.525,DIGITAL_IN,ChoiceWallIR,0,null
471472.356,DIGITAL_IN,ChoiceWallIR,-1,null
471524.333,DIGITAL_IN,ChoiceWallIR,0,null
471576.31,DIGITAL_IN,ChoiceWallIR,-1,null
471760.227,DIGITAL_IN,ChoiceWallIR,0,null
471904.163,DIGITAL_IN,Hole5NP,-1,null
472120.067,DIGITAL_IN,Hole5NP,0,null
472531.883,DIGITAL_IN,Hole5NP,-1,null
472691.812,DIGITAL_IN,Hole5NP,0,null
472715.801,DIGITAL_IN,Hole5NP,-1,null
472763.78,DIGITAL_IN,Hole5NP,0,null
472883.726,DIGITAL_IN,ChoiceWallIR,-1,null
473171.598,DIGITAL_IN,ChoiceWallIR,0,null
473183.592,DIGITAL_IN,Hole5NP,-1,null
473263.557,DIGITAL_IN,ChoiceWallIR,-1,null
473415.489,DIGITAL_IN,Hole5NP,0,null
473627.394,DIGITAL_IN,ChoiceWallIR,0,null
473875.284,DIGITAL_IN,ChoiceWallIR,-1,null
473943.253,DIGITAL_IN,ChoiceWallIR,0,null
474027.216,DIGITAL_IN,ChoiceWallIR,-1,null
475443.772,PROGRAMMATIC,FITimerEvent,-1,null
475715.463,DIGITAL_IN,Hole5NP,-1,null
475715.463,PROGRAMMATIC,Hole5Event,-1,null
475735.454,DIGITAL_IN,Hole5NP,0,null
475923.37,DIGITAL_IN,ChoiceWallIR,0,null
476023.325,DIGITAL_IN,ChoiceWallIR,-1,null
476167.261,DIGITAL_IN,ChoiceWallIR,0,null
476327.19,DIGITAL_IN,ChoiceWallIR,-1,null
476359.176,DIGITAL_IN,ChoiceWallIR,0,null
476595.07,DIGITAL_IN,TrayWallIR,-1,null
476915.463,PROGRAMMATIC,FeederTimerEvent,-1,null
476915.463,ALWAYS,ITI,-1,null
496915.463,PROGRAMMATIC,ITITimerEvent,-1,null
503220.463,PROGRAMMATIC,RandITITimerEvent,-1,null
503220.463,PROGRAMMATIC,FIEvent,-1,null
504502.619,DIGITAL_IN,TrayWallIR,0,null
504550.598,DIGITAL_IN,TrayWallIR,-1,null
504654.552,DIGITAL_IN,TrayWallIR,0,null
504750.509,DIGITAL_IN,ChoiceWallIR,-1,null
504802.486,DIGITAL_IN,ChoiceWallIR,0,null
504966.412,DIGITAL_IN,ChoiceWallIR,-1,null
504982.405,DIGITAL_IN,ChoiceWallIR,0,null
505182.316,DIGITAL_IN,ChoiceWallIR,-1,null
505194.311,DIGITAL_IN,ChoiceWallIR,0,null
505438.202,DIGITAL_IN,Hole5NP,-1,null
505722.075,DIGITAL_IN,Hole5NP,0,null
506069.92,DIGITAL_IN,Hole5NP,-1,null
506265.833,DIGITAL_IN,Hole5NP,0,null
506657.658,DIGITAL_IN,ChoiceWallIR,-1,null
506933.535,DIGITAL_IN,ChoiceWallIR,0,null
506973.517,DIGITAL_IN,ChoiceWallIR,-1,null
507450.304,DIGITAL_IN,ChoiceWallIR,0,null
507630.224,DIGITAL_IN,ChoiceWallIR,-1,null
509837.239,DIGITAL_IN,ChoiceWallIR,0,null
510029.154,DIGITAL_IN,TrayWallIR,-1,null
513876.437,DIGITAL_IN,TrayWallIR,0,null
513900.427,DIGITAL_IN,TrayWallIR,-1,null
513908.423,DIGITAL_IN,TrayWallIR,0,null
513980.391,DIGITAL_IN,ChoiceWallIR,-1,null
514544.139,DIGITAL_IN,ChoiceWallIR,0,null
514640.097,DIGITAL_IN,Hole5NP,-1,null
514688.075,DIGITAL_IN,Hole5NP,0,null
514744.05,DIGITAL_IN,Hole5NP,-1,null
515171.859,DIGITAL_IN,ChoiceWallIR,-1,null
515183.854,DIGITAL_IN,Hole5NP,0,null
515215.84,DIGITAL_IN,ChoiceWallIR,0,null
515711.619,DIGITAL_IN,Hole5NP,-1,null
516083.453,DIGITAL_IN,ChoiceWallIR,-1,null
516103.444,DIGITAL_IN,Hole5NP,0,null
516123.435,DIGITAL_IN,ChoiceWallIR,0,null
516235.385,DIGITAL_IN,ChoiceWallIR,-1,null
518220.463,PROGRAMMATIC,FITimerEvent,-1,null
518302.463,DIGITAL_IN,ChoiceWallIR,0,null
518314.457,DIGITAL_IN,ChoiceWallIR,-1,null
519278.027,DIGITAL_IN,ChoiceWallIR,0,null
519290.022,DIGITAL_IN,ChoiceWallIR,-1,null
527764.241,DIGITAL_IN,ChoiceWallIR,0,null
529355.531,DIGITAL_IN,Hole5NP,-1,null
529355.531,PROGRAMMATIC,Hole5Event,-1,null
529523.456,DIGITAL_IN,Hole5NP,0,null
529787.339,DIGITAL_IN,ChoiceWallIR,-1,null
529803.331,DIGITAL_IN,ChoiceWallIR,0,null
530163.171,DIGITAL_IN,TrayWallIR,-1,null
530555.531,PROGRAMMATIC,FeederTimerEvent,-1,null
530555.531,ALWAYS,ITI,-1,null
543815.08,DIGITAL_IN,TrayWallIR,0,null
544562.747,DIGITAL_IN,TrayWallIR,-1,null
544578.739,DIGITAL_IN,TrayWallIR,0,null
544622.72,DIGITAL_IN,TrayWallIR,-1,null
544778.65,DIGITAL_IN,TrayWallIR,0,null
545810.19,DIGITAL_IN,TrayWallIR,-1,null
545998.106,DIGITAL_IN,TrayWallIR,0,null
546090.065,DIGITAL_IN,TrayWallIR,-1,null
546301.971,DIGITAL_IN,TrayWallIR,0,null
546674.804,DIGITAL_IN,TrayWallIR,-1,null
546766.763,DIGITAL_IN,TrayWallIR,0,null
546850.726,DIGITAL_IN,ChoiceWallIR,-1,null
546934.688,DIGITAL_IN,ChoiceWallIR,0,null
547078.624,DIGITAL_IN,ChoiceWallIR,-1,null
547134.599,DIGITAL_IN,ChoiceWallIR,0,null
547202.569,DIGITAL_IN,ChoiceWallIR,-1,null
547242.551,DIGITAL_IN,ChoiceWallIR,0,null
547254.546,DIGITAL_IN,ChoiceWallIR,-1,null
547266.54,DIGITAL_IN,ChoiceWallIR,0,null
547302.524,DIGITAL_IN,ChoiceWallIR,-1,null
547602.39,DIGITAL_IN,Hole5NP,-1,null
547718.339,DIGITAL_IN,Hole5NP,0,null
548378.044,DIGITAL_IN,ChoiceWallIR,0,null
548565.961,DIGITAL_IN,ChoiceWallIR,-1,null
548573.957,DIGITAL_IN,ChoiceWallIR,0,null
548613.939,DIGITAL_IN,ChoiceWallIR,-1,null
549309.629,DIGITAL_IN,ChoiceWallIR,0,null
549437.572,DIGITAL_IN,ChoiceWallIR,-1,null
549681.463,DIGITAL_IN,ChoiceWallIR,0,null
550555.531,PROGRAMMATIC,ITITimerEvent,-1,null
550681.017,DIGITAL_IN,TrayWallIR,-1,null
551272.753,DIGITAL_IN,TrayWallIR,0,null
551516.644,DIGITAL_IN,TrayWallIR,-1,null
551540.633,DIGITAL_IN,TrayWallIR,0,null
551608.603,DIGITAL_IN,TrayWallIR,-1,null
552196.341,DIGITAL_IN,TrayWallIR,0,null
554868.149,DIGITAL_IN,ChoiceWallIR,-1,null
555092.049,DIGITAL_IN,ChoiceWallIR,0,null
556483.428,DIGITAL_IN,ChoiceWallIR,-1,null
556491.425,DIGITAL_IN,ChoiceWallIR,0,null
556752.531,PROGRAMMATIC,RandITITimerEvent,-1,null
556752.531,PROGRAMMATIC,FIEvent,-1,null
558542.509,DIGITAL_IN,TrayWallIR,-1,null
558846.374,DIGITAL_IN,TrayWallIR,0,null
558934.335,DIGITAL_IN,ChoiceWallIR,-1,null
558966.32,DIGITAL_IN,ChoiceWallIR,0,null
559022.295,DIGITAL_IN,ChoiceWallIR,-1,null
559062.278,DIGITAL_IN,ChoiceWallIR,0,null
559122.251,DIGITAL_IN,ChoiceWallIR,-1,null
559134.245,DIGITAL_IN,ChoiceWallIR,0,null
559402.126,DIGITAL_IN,Hole5NP,-1,null
559471.095,DIGITAL_IN,Hole5NP,0,null
559491.086,DIGITAL_IN,Hole5NP,-1,null
559611.033,DIGITAL_IN,Hole5NP,0,null
560226.758,DIGITAL_IN,ChoiceWallIR,-1,null
563525.286,DIGITAL_IN,ChoiceWallIR,0,null
564700.762,DIGITAL_IN,ChoiceWallIR,-1,null
567084.698,DIGITAL_IN,ChoiceWallIR,0,null
569063.815,DIGITAL_IN,ChoiceWallIR,-1,null
569895.444,DIGITAL_IN,ChoiceWallIR,0,null
570047.377,DIGITAL_IN,ChoiceWallIR,-1,null
571014.949,DIGITAL_IN,ChoiceWallIR,0,null
571752.531,PROGRAMMATIC,FITimerEvent,-1,null
573974.624,DIGITAL_IN,TrayWallIR,-1,null
573998.614,DIGITAL_IN,TrayWallIR,0,null
574026.601,DIGITAL_IN,ChoiceWallIR,-1,null
574422.425,DIGITAL_IN,ChoiceWallIR,0,null
574670.314,DIGITAL_IN,ChoiceWallIR,-1,null
574690.305,DIGITAL_IN,Hole5NP,-1,null
574690.305,PROGRAMMATIC,Hole5Event,-1,null
574714.294,DIGITAL_IN,Hole5NP,0,null
574770.27,DIGITAL_IN,ChoiceWallIR,0,null
574774.269,DIGITAL_IN,Hole5NP,-1,null
574826.244,DIGITAL_IN,Hole5NP,0,null
574954.187,DIGITAL_IN,ChoiceWallIR,-1,null
574966.182,DIGITAL_IN,ChoiceWallIR,0,null
575078.132,DIGITAL_IN,ChoiceWallIR,-1,null
575230.064,DIGITAL_IN,ChoiceWallIR,0,null
575310.029,DIGITAL_IN,ChoiceWallIR,-1,null
575374.0,DIGITAL_IN,ChoiceWallIR,0,null
575685.861,DIGITAL_IN,TrayWallIR,-1,null
575890.305,PROGRAMMATIC,FeederTimerEvent,-1,null
575890.305,ALWAYS,ITI,-1,null
592765.241,DIGITAL_IN,TrayWallIR,0,null
592797.227,DIGITAL_IN,TrayWallIR,-1,null
592857.2,DIGITAL_IN,TrayWallIR,0,null
593117.084,DIGITAL_IN,ChoiceWallIR,-1,null
593285.009,DIGITAL_IN,ChoiceWallIR,0,null
593352.979,DIGITAL_IN,ChoiceWallIR,-1,null
593360.975,DIGITAL_IN,ChoiceWallIR,0,null
593500.913,DIGITAL_IN,ChoiceWallIR,-1,null
593804.777,DIGITAL_IN,ChoiceWallIR,0,null
594016.683,DIGITAL_IN,ChoiceWallIR,-1,null
594836.317,DIGITAL_IN,ChoiceWallIR,0,null
595236.139,DIGITAL_IN,ChoiceWallIR,-1,null
595500.021,DIGITAL_IN,ChoiceWallIR,0,null
595548.0,DIGITAL_IN,ChoiceWallIR,-1,null
595890.305,PROGRAMMATIC,ITITimerEvent,-1,null
596307.661,DIGITAL_IN,ChoiceWallIR,0,null
596467.589,DIGITAL_IN,TrayWallIR,-1,null
596603.529,DIGITAL_IN,TrayWallIR,0,null
596735.47,DIGITAL_IN,TrayWallIR,-1,null
597417.305,PROGRAMMATIC,RandITITimerEvent,-1,null
597417.305,PROGRAMMATIC,PIEvent,-1,null
605369.617,DIGITAL_IN,TrayWallIR,0,null
606353.179,DIGITAL_IN,TrayWallIR,-1,null
606577.079,DIGITAL_IN,TrayWallIR,0,null
606685.031,DIGITAL_IN,TrayWallIR,-1,null
611438.91,DIGITAL_IN,TrayWallIR,0,null
611510.878,DIGITAL_IN,ChoiceWallIR,-1,null
611574.849,DIGITAL_IN,ChoiceWallIR,0,null
611634.822,DIGITAL_IN,ChoiceWallIR,-1,null
611658.812,DIGITAL_IN,TrayWallIR,-1,null
611670.806,DIGITAL_IN,TrayWallIR,0,null
611690.797,DIGITAL_IN,ChoiceWallIR,0,null
611743.774,DIGITAL_IN,TrayWallIR,-1,null
611791.752,DIGITAL_IN,ChoiceWallIR,-1,null
611799.749,DIGITAL_IN,ChoiceWallIR,0,null
611823.738,DIGITAL_IN,TrayWallIR,0,null
611899.704,DIGITAL_IN,TrayWallIR,-1,null
611919.695,DIGITAL_IN,TrayWallIR,0,null
612227.558,DIGITAL_IN,Hole5NP,-1,null
612511.431,DIGITAL_IN,Hole5NP,0,null
612791.306,DIGITAL_IN,Hole5NP,-1,null
613159.142,DIGITAL_IN,Hole5NP,0,null
613211.119,DIGITAL_IN,Hole5NP,-1,null
613223.114,DIGITAL_IN,Hole5NP,0,null
613790.86,DIGITAL_IN,ChoiceWallIR,-1,null
615785.97,DIGITAL_IN,ChoiceWallIR,0,null
615989.879,DIGITAL_IN,ChoiceWallIR,-1,null
616021.865,DIGITAL_IN,ChoiceWallIR,0,null
616237.769,DIGITAL_IN,TrayWallIR,-1,null
617205.337,DIGITAL_IN,TrayWallIR,0,null
617229.326,DIGITAL_IN,TrayWallIR,-1,null
617245.319,DIGITAL_IN,TrayWallIR,0,null
617401.25,DIGITAL_IN,ChoiceWallIR,-1,null
617433.235,DIGITAL_IN,ChoiceWallIR,0,null
617541.187,DIGITAL_IN,ChoiceWallIR,-1,null
617705.114,DIGITAL_IN,ChoiceWallIR,0,null
617733.102,DIGITAL_IN,ChoiceWallIR,-1,null
618028.97,DIGITAL_IN,ChoiceWallIR,0,null
618068.952,DIGITAL_IN,Hole5NP,-1,null
618389.809,DIGITAL_IN,ChoiceWallIR,-1,null
618577.725,DIGITAL_IN,Hole5NP,0,null
618889.586,DIGITAL_IN,ChoiceWallIR,0,null
618929.568,DIGITAL_IN,Hole5NP,-1,null
619093.495,DIGITAL_IN,ChoiceWallIR,-1,null
619277.413,DIGITAL_IN,Hole5NP,0,null
619317.395,DIGITAL_IN,ChoiceWallIR,0,null
619869.149,DIGITAL_IN,ChoiceWallIR,-1,null
620101.045,DIGITAL_IN,ChoiceWallIR,0,null
620121.036,DIGITAL_IN,ChoiceWallIR,-1,null
620396.913,DIGITAL_IN,ChoiceWallIR,0,null
620412.906,DIGITAL_IN,ChoiceWallIR,-1,null
620468.881,DIGITAL_IN,TrayWallIR,-1,null
620500.867,DIGITAL_IN,TrayWallIR,0,null
623003.75,DIGITAL_IN,Hole5NP,-1,null
623059.725,DIGITAL_IN,Hole5NP,0,null
623295.62,DIGITAL_IN,ChoiceWallIR,0,null
623339.6,DIGITAL_IN,ChoiceWallIR,-1,null
624003.304,DIGITAL_IN,Hole5NP,-1,null
624067.276,DIGITAL_IN,Hole5NP,0,null
624183.224,DIGITAL_IN,Hole5NP,-1,null
624579.048,DIGITAL_IN,Hole5NP,0,null
624767.963,DIGITAL_IN,ChoiceWallIR,0,null
625235.754,DIGITAL_IN,ChoiceWallIR,-1,null
627594.702,DIGITAL_IN,Hole5NP,-1,null
627670.668,DIGITAL_IN,Hole5NP,0,null
627902.564,DIGITAL_IN,ChoiceWallIR,0,null
627914.559,DIGITAL_IN,ChoiceWallIR,-1,null
629417.888,DIGITAL_IN,ChoiceWallIR,0,null
629477.862,DIGITAL_IN,ChoiceWallIR,-1,null
633029.277,DIGITAL_IN,Hole5NP,-1,null
633109.246,DIGITAL_IN,ChoiceWallIR,0,null
633145.225,DIGITAL_IN,Hole5NP,0,null
633169.215,DIGITAL_IN,Hole5NP,-1,null
633409.108,DIGITAL_IN,ChoiceWallIR,-1,null
633413.107,DIGITAL_IN,Hole5NP,0,null
633649.001,DIGITAL_IN,ChoiceWallIR,0,null
634140.781,DIGITAL_IN,ChoiceWallIR,-1,null
634368.68,DIGITAL_IN,ChoiceWallIR,0,null
634384.672,DIGITAL_IN,ChoiceWallIR,-1,null
634408.662,DIGITAL_IN,ChoiceWallIR,0,null
634460.639,DIGITAL_IN,ChoiceWallIR,-1,null
634680.54,DIGITAL_IN,ChoiceWallIR,0,null
634920.433,DIGITAL_IN,TrayWallIR,-1,null
635356.239,DIGITAL_IN,TrayWallIR,0,null
636299.818,DIGITAL_IN,TrayWallIR,-1,null
636327.806,DIGITAL_IN,TrayWallIR,0,null
636451.75,DIGITAL_IN,TrayWallIR,-1,null
637399.327,DIGITAL_IN,TrayWallIR,0,null
637491.286,DIGITAL_IN,ChoiceWallIR,-1,null
637551.26,DIGITAL_IN,ChoiceWallIR,0,null
637563.254,DIGITAL_IN,ChoiceWallIR,-1,null
637615.231,DIGITAL_IN,ChoiceWallIR,0,null
637667.208,DIGITAL_IN,ChoiceWallIR,-1,null
637675.204,DIGITAL_IN,ChoiceWallIR,0,null
637723.183,DIGITAL_IN,ChoiceWallIR,-1,null
637775.16,DIGITAL_IN,ChoiceWallIR,0,null
637860.122,DIGITAL_IN,Hole5NP,-1,null
637896.106,DIGITAL_IN,ChoiceWallIR,-1,null
637992.063,DIGITAL_IN,Hole5NP,0,null
638539.819,DIGITAL_IN,Hole5NP,-1,null
638803.701,DIGITAL_IN,Hole5NP,0,null
640510.939,DIGITAL_IN,ChoiceWallIR,0,null
641778.374,DIGITAL_IN,Hole5NP,-1,null
642002.274,DIGITAL_IN,Hole5NP,0,null
642022.265,DIGITAL_IN,ChoiceWallIR,-1,null
642417.305,PROGRAMMATIC,PITimerEvent,-1,null
642417.305,ALWAYS,ITI,-1,null
642470.065,DIGITAL_IN,ChoiceWallIR,0,null
642649.985,DIGITAL_IN,Hole6NP,-1,null
642753.938,DIGITAL_IN,Hole6NP,0,null
642821.908,DIGITAL_IN,ChoiceWallIR,-1,null
644169.307,DIGITAL_IN,ChoiceWallIR,0,null
644281.257,DIGITAL_IN,ChoiceWallIR,-1,null
644873.993,DIGITAL_IN,Hole5NP,-1,null
644901.98,DIGITAL_IN,ChoiceWallIR,0,null
644905.979,DIGITAL_IN,Hole5NP,0,null
644921.971,DIGITAL_IN,ChoiceWallIR,-1,null
645961.507,DIGITAL_IN,ChoiceWallIR,0,null
646105.443,DIGITAL_IN,ChoiceWallIR,-1,null
646133.431,DIGITAL_IN,ChoiceWallIR,0,null
646921.079,DIGITAL_IN,ChoiceWallIR,-1,null
647009.04,DIGITAL_IN,ChoiceWallIR,0,null
647464.837,DIGITAL_IN,ChoiceWallIR,-1,null
651500.036,DIGITAL_IN,Hole5NP,-1,null
651707.944,DIGITAL_IN,Hole5NP,0,null
651727.935,DIGITAL_IN,Hole5NP,-1,null
651867.872,DIGITAL_IN,Hole5NP,0,null
653123.312,DIGITAL_IN,ChoiceWallIR,0,null
653215.271,DIGITAL_IN,ChoiceWallIR,-1,null
653651.077,DIGITAL_IN,ChoiceWallIR,0,null
653934.95,DIGITAL_IN,TrayWallIR,-1,null
655538.235,DIGITAL_IN,TrayWallIR,0,null
655578.217,DIGITAL_IN,ChoiceWallIR,-1,null
655654.183,DIGITAL_IN,ChoiceWallIR,0,null
655698.163,DIGITAL_IN,ChoiceWallIR,-1,null
655850.096,DIGITAL_IN,ChoiceWallIR,0,null
655870.087,DIGITAL_IN,ChoiceWallIR,-1,null
655874.086,DIGITAL_IN,ChoiceWallIR,0,null
656161.956,DIGITAL_IN,Hole5NP,-1,null
656393.853,DIGITAL_IN,Hole5NP,0,null
657265.464,DIGITAL_IN,ChoiceWallIR,-1,null
657293.452,DIGITAL_IN,ChoiceWallIR,0,null
657446.383,DIGITAL_IN,ChoiceWallIR,-1,null
657454.38,DIGITAL_IN,ChoiceWallIR,0,null
659053.666,DIGITAL_IN,ChoiceWallIR,-1,null
659065.661,DIGITAL_IN,ChoiceWallIR,0,null
659129.632,DIGITAL_IN,ChoiceWallIR,-1,null
659225.59,DIGITAL_IN,ChoiceWallIR,0,null
659621.413,DIGITAL_IN,TrayWallIR,-1,null
659713.372,DIGITAL_IN,TrayWallIR,0,null
659893.292,DIGITAL_IN,ChoiceWallIR,-1,null
661164.724,DIGITAL_IN,ChoiceWallIR,0,null
661260.682,DIGITAL_IN,TrayWallIR,-1,null
661752.462,DIGITAL_IN,TrayWallIR,0,null
661944.377,DIGITAL_IN,TrayWallIR,-1,null
661956.371,DIGITAL_IN,TrayWallIR,0,null
662417.305,PROGRAMMATIC,ITITimerEvent,-1,null
663231.802,DIGITAL_IN,ChoiceWallIR,-1,null
663271.784,DIGITAL_IN,ChoiceWallIR,0,null
663311.767,DIGITAL_IN,ChoiceWallIR,-1,null
663527.67,DIGITAL_IN,ChoiceWallIR,0,null
663887.51,DIGITAL_IN,ChoiceWallIR,-1,null
663895.506,DIGITAL_IN,ChoiceWallIR,0,null
664056.434,DIGITAL_IN,ChoiceWallIR,-1,null
667470.911,DIGITAL_IN,ChoiceWallIR,0,null
667510.893,DIGITAL_IN,ChoiceWallIR,-1,null
667686.815,DIGITAL_IN,ChoiceWallIR,0,null
667766.779,DIGITAL_IN,Hole5NP,-1,null
667774.775,DIGITAL_IN,ChoiceWallIR,-1,null
667794.766,DIGITAL_IN,ChoiceWallIR,0,null
668014.668,DIGITAL_IN,Hole5NP,0,null
668778.328,DIGITAL_IN,ChoiceWallIR,-1,null
668786.324,DIGITAL_IN,ChoiceWallIR,0,null
668898.274,DIGITAL_IN,ChoiceWallIR,-1,null
669146.163,DIGITAL_IN,ChoiceWallIR,0,null
669202.139,DIGITAL_IN,ChoiceWallIR,-1,null
670938.364,DIGITAL_IN,ChoiceWallIR,0,null
671014.33,DIGITAL_IN,ChoiceWallIR,-1,null
671022.327,DIGITAL_IN,ChoiceWallIR,0,null
671078.302,DIGITAL_IN,ChoiceWallIR,-1,null
672001.889,DIGITAL_IN,ChoiceWallIR,0,null
672145.825,DIGITAL_IN,ChoiceWallIR,-1,null
672149.825,DIGITAL_IN,ChoiceWallIR,0,null
672178.305,PROGRAMMATIC,RandITITimerEvent,-1,null
672178.305,PROGRAMMATIC,FIEvent,-1,null
672257.775,DIGITAL_IN,ChoiceWallIR,-1,null
672261.775,DIGITAL_IN,ChoiceWallIR,0,null
672369.725,DIGITAL_IN,ChoiceWallIR,-1,null
672381.72,DIGITAL_IN,ChoiceWallIR,0,null
672541.649,DIGITAL_IN,ChoiceWallIR,-1,null
674088.958,DIGITAL_IN,ChoiceWallIR,0,null
674168.923,DIGITAL_IN,ChoiceWallIR,-1,null
674604.728,DIGITAL_IN,Hole5NP,-1,null
674704.684,DIGITAL_IN,ChoiceWallIR,0,null
674808.637,DIGITAL_IN,Hole5NP,0,null
674968.566,DIGITAL_IN,ChoiceWallIR,-1,null
674988.557,DIGITAL_IN,ChoiceWallIR,0,null
675048.53,DIGITAL_IN,Hole5NP,-1,null
675432.359,DIGITAL_IN,Hole5NP,0,null
676479.892,DIGITAL_IN,ChoiceWallIR,-1,null
676495.884,DIGITAL_IN,ChoiceWallIR,0,null
676559.856,DIGITAL_IN,ChoiceWallIR,-1,null
676683.801,DIGITAL_IN,ChoiceWallIR,0,null
676779.758,DIGITAL_IN,ChoiceWallIR,-1,null
676855.724,DIGITAL_IN,ChoiceWallIR,0,null
676907.701,DIGITAL_IN,ChoiceWallIR,-1,null
676911.701,DIGITAL_IN,ChoiceWallIR,0,null
677204.568,DIGITAL_IN,TrayWallIR,-1,null
678539.972,DIGITAL_IN,TrayWallIR,0,null
678627.933,DIGITAL_IN,ChoiceWallIR,-1,null
678667.915,DIGITAL_IN,ChoiceWallIR,0,null
678775.867,DIGITAL_IN,ChoiceWallIR,-1,null
678783.864,DIGITAL_IN,ChoiceWallIR,0,null
678891.816,DIGITAL_IN,ChoiceWallIR,-1,null
678895.815,DIGITAL_IN,ChoiceWallIR,0,null
678983.774,DIGITAL_IN,Hole5NP,-1,null
679167.692,DIGITAL_IN,Hole5NP,0,null
679615.493,DIGITAL_IN,Hole5NP,-1,null
679831.396,DIGITAL_IN,Hole5NP,0,null
680067.291,DIGITAL_IN,ChoiceWallIR,-1,null
680115.27,DIGITAL_IN,ChoiceWallIR,0,null
680722.998,DIGITAL_IN,ChoiceWallIR,-1,null
681318.733,DIGITAL_IN,ChoiceWallIR,0,null
681490.656,DIGITAL_IN,ChoiceWallIR,-1,null
681526.64,DIGITAL_IN,ChoiceWallIR,0,null
681730.549,DIGITAL_IN,Hole6NP,-1,null
681842.499,DIGITAL_IN,Hole6NP,0,null
681902.472,DIGITAL_IN,ChoiceWallIR,-1,null
681906.471,DIGITAL_IN,ChoiceWallIR,0,null
681918.466,DIGITAL_IN,ChoiceWallIR,-1,null
683377.814,DIGITAL_IN,ChoiceWallIR,0,null
683389.811,DIGITAL_IN,ChoiceWallIR,-1,null
683822.616,DIGITAL_IN,Hole5NP,-1,null
683826.615,DIGITAL_IN,ChoiceWallIR,0,null
683846.605,DIGITAL_IN,ChoiceWallIR,-1,null
684098.493,DIGITAL_IN,Hole5NP,0,null
684138.475,DIGITAL_IN,ChoiceWallIR,0,null
685381.92,DIGITAL_IN,ChoiceWallIR,-1,null
685393.915,DIGITAL_IN,ChoiceWallIR,0,null
685493.87,DIGITAL_IN,ChoiceWallIR,-1,null
685641.804,DIGITAL_IN,ChoiceWallIR,0,null
685849.711,DIGITAL_IN,ChoiceWallIR,-1,null
685969.658,DIGITAL_IN,ChoiceWallIR,0,null
686169.569,DIGITAL_IN,ChoiceWallIR,-1,null
687049.176,DIGITAL_IN,ChoiceWallIR,0,null
687129.14,DIGITAL_IN,ChoiceWallIR,-1,null
687178.305,PROGRAMMATIC,FITimerEvent,-1,null
687640.912,DIGITAL_IN,Hole5NP,-1,null
687640.912,PROGRAMMATIC,Hole5Event,-1,null
687704.883,DIGITAL_IN,Hole5NP,0,null
687732.871,DIGITAL_IN,ChoiceWallIR,0,null
687796.843,DIGITAL_IN,ChoiceWallIR,-1,null
688112.702,DIGITAL_IN,ChoiceWallIR,0,null
688164.678,DIGITAL_IN,ChoiceWallIR,-1,null
688168.678,DIGITAL_IN,ChoiceWallIR,0,null
688304.616,DIGITAL_IN,TrayWallIR,-1,null
688840.912,PROGRAMMATIC,FeederTimerEvent,-1,null
688840.912,ALWAYS,ITI,-1,null
708840.912,PROGRAMMATIC,ITITimerEvent,-1,null
710720.912,PROGRAMMATIC,RandITITimerEvent,-1,null
710720.912,PROGRAMMATIC,FIEvent,-1,null
720563.224,DIGITAL_IN,TrayWallIR,0,null
720599.208,DIGITAL_IN,TrayWallIR,-1,null
720611.203,DIGITAL_IN,TrayWallIR,0,null
721122.974,DIGITAL_IN,ChoiceWallIR,-1,null
721282.903,DIGITAL_IN,ChoiceWallIR,0,null
721422.84,DIGITAL_IN,Hole5NP,-1,null
721718.708,DIGITAL_IN,Hole5NP,0,null
721770.685,DIGITAL_IN,ChoiceWallIR,-1,null
721806.669,DIGITAL_IN,ChoiceWallIR,0,null
722270.462,DIGITAL_IN,ChoiceWallIR,-1,null
722803.224,DIGITAL_IN,ChoiceWallIR,0,null
722871.194,DIGITAL_IN,Hole5NP,-1,null
722995.139,DIGITAL_IN,Hole5NP,0,null
723299.003,DIGITAL_IN,ChoiceWallIR,-1,null
723690.828,DIGITAL_IN,ChoiceWallIR,0,null
723886.741,DIGITAL_IN,ChoiceWallIR,-1,null
724326.545,DIGITAL_IN,ChoiceWallIR,0,null
724354.532,DIGITAL_IN,ChoiceWallIR,-1,null
724886.295,DIGITAL_IN,ChoiceWallIR,0,null
724942.27,DIGITAL_IN,ChoiceWallIR,-1,null
725720.912,PROGRAMMATIC,FITimerEvent,-1,null
726205.706,DIGITAL_IN,ChoiceWallIR,0,null
726337.648,DIGITAL_IN,ChoiceWallIR,-1,null
726629.517,DIGITAL_IN,ChoiceWallIR,0,null
727856.97,DIGITAL_IN,ChoiceWallIR,-1,null
728172.829,DIGITAL_IN,ChoiceWallIR,0,null
728476.693,DIGITAL_IN,Hole5NP,-1,null
728476.693,PROGRAMMATIC,Hole5Event,-1,null
728520.674,DIGITAL_IN,ChoiceWallIR,-1,null
728616.631,DIGITAL_IN,Hole5NP,0,null
728788.554,DIGITAL_IN,ChoiceWallIR,0,null
728856.524,DIGITAL_IN,ChoiceWallIR,-1,null
728864.52,DIGITAL_IN,ChoiceWallIR,0,null
729292.329,DIGITAL_IN,TrayWallIR,-1,null
729676.693,PROGRAMMATIC,FeederTimerEvent,-1,null
729676.693,ALWAYS,ITI,-1,null
748074.949,DIGITAL_IN,TrayWallIR,0,null
748142.919,DIGITAL_IN,TrayWallIR,-1,null
748158.912,DIGITAL_IN,TrayWallIR,0,null
748302.848,DIGITAL_IN,ChoiceWallIR,-1,null
748370.819,DIGITAL_IN,ChoiceWallIR,0,null
748426.792,DIGITAL_IN,ChoiceWallIR,-1,null
748434.789,DIGITAL_IN,ChoiceWallIR,0,null
748498.76,DIGITAL_IN,ChoiceWallIR,-1,null
749403.357,DIGITAL_IN,ChoiceWallIR,0,null
749471.326,DIGITAL_IN,ChoiceWallIR,-1,null
749479.323,DIGITAL_IN,ChoiceWallIR,0,null
749499.314,DIGITAL_IN,ChoiceWallIR,-1,null
749676.693,PROGRAMMATIC,ITITimerEvent,-1,null
749927.123,DIGITAL_IN,ChoiceWallIR,0,null
750051.068,DIGITAL_IN,ChoiceWallIR,-1,null
750203.693,PROGRAMMATIC,RandITITimerEvent,-1,null
750203.693,PROGRAMMATIC,FIEvent,-1,null
755104.813,DIGITAL_IN,Hole5NP,-1,null
755360.699,DIGITAL_IN,Hole5NP,0,null
755457.656,DIGITAL_IN,ChoiceWallIR,0,null
755593.595,DIGITAL_IN,ChoiceWallIR,-1,null
755857.477,DIGITAL_IN,ChoiceWallIR,0,null
755893.461,DIGITAL_IN,ChoiceWallIR,-1,null
756289.285,DIGITAL_IN,ChoiceWallIR,0,null
756389.24,DIGITAL_IN,ChoiceWallIR,-1,null
765203.693,PROGRAMMATIC,FITimerEvent,-1,null
768332.911,DIGITAL_IN,ChoiceWallIR,0,null
769469.404,DIGITAL_IN,ChoiceWallIR,-1,null
769865.228,DIGITAL_IN,ChoiceWallIR,0,null
769941.194,DIGITAL_IN,ChoiceWallIR,-1,null
770025.156,DIGITAL_IN,ChoiceWallIR,0,null
770105.121,DIGITAL_IN,ChoiceWallIR,-1,null
772540.034,DIGITAL_IN,ChoiceWallIR,0,null
772556.027,DIGITAL_IN,ChoiceWallIR,-1,null
773495.608,DIGITAL_IN,ChoiceWallIR,0,null
773507.603,DIGITAL_IN,ChoiceWallIR,-1,null
777650.754,DIGITAL_IN,Hole5NP,-1,null
777650.754,PROGRAMMATIC,Hole5Event,-1,null
777850.665,DIGITAL_IN,Hole5NP,0,null
777922.633,DIGITAL_IN,ChoiceWallIR,0,null
777942.624,DIGITAL_IN,ChoiceWallIR,-1,null
778350.442,DIGITAL_IN,ChoiceWallIR,0,null
778446.399,DIGITAL_IN,ChoiceWallIR,-1,null
778454.396,DIGITAL_IN,ChoiceWallIR,0,null
778570.344,DIGITAL_IN,TrayWallIR,-1,null
778850.754,PROGRAMMATIC,FeederTimerEvent,-1,null
778850.754,ALWAYS,ITI,-1,null
792937.934,DIGITAL_IN,TrayWallIR,0,null
792981.914,DIGITAL_IN,ChoiceWallIR,-1,null
793013.9,DIGITAL_IN,ChoiceWallIR,0,null
793037.889,DIGITAL_IN,ChoiceWallIR,-1,null
793545.663,DIGITAL_IN,ChoiceWallIR,0,null
793649.616,DIGITAL_IN,ChoiceWallIR,-1,null
793653.615,DIGITAL_IN,ChoiceWallIR,0,null
793805.547,DIGITAL_IN,Hole5NP,-1,null
794441.263,DIGITAL_IN,Hole5NP,0,null
794882.066,DIGITAL_IN,Hole5NP,-1,null
794918.05,DIGITAL_IN,Hole5NP,0,null
794926.047,DIGITAL_IN,Hole5NP,-1,null
795221.915,DIGITAL_IN,Hole5NP,0,null
795273.892,DIGITAL_IN,ChoiceWallIR,-1,null
795413.829,DIGITAL_IN,ChoiceWallIR,0,null
796465.36,DIGITAL_IN,ChoiceWallIR,-1,null
796625.289,DIGITAL_IN,ChoiceWallIR,0,null
796769.224,DIGITAL_IN,ChoiceWallIR,-1,null
796917.158,DIGITAL_IN,ChoiceWallIR,0,null
796989.126,DIGITAL_IN,ChoiceWallIR,-1,null
798850.754,PROGRAMMATIC,ITITimerEvent,-1,null
800745.754,PROGRAMMATIC,RandITITimerEvent,-1,null
800745.754,PROGRAMMATIC,PIEvent,-1,null
803979.008,DIGITAL_IN,ChoiceWallIR,0,null
806206.014,DIGITAL_IN,TrayWallIR,-1,null
807137.599,DIGITAL_IN,TrayWallIR,0,null
807189.575,DIGITAL_IN,TrayWallIR,-1,null
807225.559,DIGITAL_IN,TrayWallIR,0,null
807457.456,DIGITAL_IN,ChoiceWallIR,-1,null
807782.311,DIGITAL_IN,ChoiceWallIR,0,null
807810.298,DIGITAL_IN,Hole5NP,-1,null
808270.093,DIGITAL_IN,Hole5NP,0,null
808869.826,DIGITAL_IN,Hole5NP,-1,null
809273.646,DIGITAL_IN,Hole5NP,0,null
809277.645,DIGITAL_IN,ChoiceWallIR,-1,null
809305.631,DIGITAL_IN,ChoiceWallIR,0,null
809393.592,DIGITAL_IN,ChoiceWallIR,-1,null
810141.258,DIGITAL_IN,ChoiceWallIR,0,null
810205.23,DIGITAL_IN,ChoiceWallIR,-1,null
810369.157,DIGITAL_IN,ChoiceWallIR,0,null
810373.156,DIGITAL_IN,Hole5NP,-1,null
810605.051,DIGITAL_IN,ChoiceWallIR,-1,null
810629.041,DIGITAL_IN,Hole5NP,0,null
811108.827,DIGITAL_IN,ChoiceWallIR,0,null
811448.675,DIGITAL_IN,ChoiceWallIR,-1,null
811584.615,DIGITAL_IN,ChoiceWallIR,0,null
811608.604,DIGITAL_IN,ChoiceWallIR,-1,null
814756.199,DIGITAL_IN,ChoiceWallIR,0,null
814840.162,DIGITAL_IN,ChoiceWallIR,-1,null
815156.021,DIGITAL_IN,ChoiceWallIR,0,null
815231.987,DIGITAL_IN,Hole5NP,-1,null
815291.96,DIGITAL_IN,Hole5NP,0,null
815411.907,DIGITAL_IN,ChoiceWallIR,-1,null
815419.904,DIGITAL_IN,Hole5NP,-1,null
815463.884,DIGITAL_IN,ChoiceWallIR,0,null
815631.809,DIGITAL_IN,ChoiceWallIR,-1,null
815699.778,DIGITAL_IN,Hole5NP,0,null
816327.498,DIGITAL_IN,Hole5NP,-1,null
816355.486,DIGITAL_IN,ChoiceWallIR,0,null
816515.415,DIGITAL_IN,ChoiceWallIR,-1,null
816515.415,DIGITAL_IN,Hole5NP,0,null
817219.101,DIGITAL_IN,ChoiceWallIR,0,null
817902.796,DIGITAL_IN,ChoiceWallIR,-1,null
817958.771,DIGITAL_IN,ChoiceWallIR,0,null
818110.703,DIGITAL_IN,ChoiceWallIR,-1,null
818158.681,DIGITAL_IN,ChoiceWallIR,0,null
818298.619,DIGITAL_IN,ChoiceWallIR,-1,null
819562.055,DIGITAL_IN,ChoiceWallIR,0,null
819634.023,DIGITAL_IN,ChoiceWallIR,-1,null
819885.911,DIGITAL_IN,ChoiceWallIR,0,null
819965.875,DIGITAL_IN,ChoiceWallIR,-1,null
820025.849,DIGITAL_IN,ChoiceWallIR,0,null
820117.807,DIGITAL_IN,Hole5NP,-1,null
820221.761,DIGITAL_IN,ChoiceWallIR,-1,null
820249.749,DIGITAL_IN,Hole5NP,0,null
820986.42,DIGITAL_IN,Hole5NP,-1,null
821202.324,DIGITAL_IN,Hole5NP,0,null
821778.067,DIGITAL_IN,ChoiceWallIR,0,null
822081.931,DIGITAL_IN,ChoiceWallIR,-1,null
823437.326,DIGITAL_IN,ChoiceWallIR,0,null
823713.203,DIGITAL_IN,ChoiceWallIR,-1,null
824880.682,DIGITAL_IN,ChoiceWallIR,0,null
825492.41,DIGITAL_IN,ChoiceWallIR,-1,null
825540.388,DIGITAL_IN,ChoiceWallIR,0,null
825564.377,DIGITAL_IN,ChoiceWallIR,-1,null
826419.996,DIGITAL_IN,ChoiceWallIR,0,null
826559.933,DIGITAL_IN,ChoiceWallIR,-1,null
826595.917,DIGITAL_IN,Hole5NP,-1,null
826647.894,DIGITAL_IN,Hole5NP,0,null
826835.81,DIGITAL_IN,Hole5NP,-1,null
826883.789,DIGITAL_IN,Hole5NP,0,null
826891.786,DIGITAL_IN,Hole5NP,-1,null
827436.542,DIGITAL_IN,Hole5NP,0,null
828260.175,DIGITAL_IN,ChoiceWallIR,0,null
828388.118,DIGITAL_IN,ChoiceWallIR,-1,null
828468.082,DIGITAL_IN,ChoiceWallIR,0,null
828739.961,DIGITAL_IN,TrayWallIR,-1,null
829595.579,DIGITAL_IN,TrayWallIR,0,null
829935.427,DIGITAL_IN,ChoiceWallIR,-1,null
829947.422,DIGITAL_IN,ChoiceWallIR,0,null
830027.386,DIGITAL_IN,ChoiceWallIR,-1,null
830287.27,DIGITAL_IN,ChoiceWallIR,0,null
830403.219,DIGITAL_IN,Hole5NP,-1,null
830611.126,DIGITAL_IN,Hole5NP,0,null
831090.912,DIGITAL_IN,Hole5NP,-1,null
831310.814,DIGITAL_IN,ChoiceWallIR,-1,null
831362.79,DIGITAL_IN,Hole5NP,0,null
832370.341,DIGITAL_IN,ChoiceWallIR,0,null
832418.323,DIGITAL_IN,ChoiceWallIR,-1,null
832586.245,DIGITAL_IN,ChoiceWallIR,0,null
832606.236,DIGITAL_IN,ChoiceWallIR,-1,null
838784.479,DIGITAL_IN,ChoiceWallIR,0,null
838800.472,DIGITAL_IN,Hole5NP,-1,null
839040.365,DIGITAL_IN,ChoiceWallIR,-1,null
839088.344,DIGITAL_IN,Hole5NP,0,null
839148.317,DIGITAL_IN,ChoiceWallIR,0,null
839244.274,DIGITAL_IN,ChoiceWallIR,-1,null
839624.105,DIGITAL_IN,ChoiceWallIR,0,null
840303.801,DIGITAL_IN,ChoiceWallIR,-1,null
840468.728,DIGITAL_IN,ChoiceWallIR,0,null
840512.708,DIGITAL_IN,Hole5NP,-1,null
840892.539,DIGITAL_IN,ChoiceWallIR,-1,null
840928.523,DIGITAL_IN,Hole5NP,0,null
841312.351,DIGITAL_IN,ChoiceWallIR,0,null
841516.261,DIGITAL_IN,ChoiceWallIR,-1,null
841516.261,DIGITAL_IN,Hole6NP,-1,null
841560.241,DIGITAL_IN,Hole6NP,0,null
842527.809,DIGITAL_IN,Hole5NP,-1,null
842547.8,DIGITAL_IN,Hole5NP,0,null
842567.791,DIGITAL_IN,Hole5NP,-1,null
842615.77,DIGITAL_IN,Hole5NP,0,null
845745.754,PROGRAMMATIC,PITimerEvent,-1,null
845745.754,ALWAYS,ITI,-1,null
846578.003,DIGITAL_IN,ChoiceWallIR,0,null
846701.947,DIGITAL_IN,ChoiceWallIR,-1,null
846717.94,DIGITAL_IN,ChoiceWallIR,0,null
846801.902,DIGITAL_IN,ChoiceWallIR,-1,null
846809.899,DIGITAL_IN,ChoiceWallIR,0,null
847070.782,DIGITAL_IN,TrayWallIR,-1,null
851176.95,DIGITAL_IN,TrayWallIR,0,null
851400.85,DIGITAL_IN,TrayWallIR,-1,null
851616.754,DIGITAL_IN,TrayWallIR,0,null
851684.724,DIGITAL_IN,TrayWallIR,-1,null
851712.711,DIGITAL_IN,TrayWallIR,0,null
851844.652,DIGITAL_IN,ChoiceWallIR,-1,null
851944.608,DIGITAL_IN,ChoiceWallIR,0,null
851976.594,DIGITAL_IN,ChoiceWallIR,-1,null
852364.421,DIGITAL_IN,ChoiceWallIR,0,null
852492.363,DIGITAL_IN,Hole5NP,-1,null
852556.335,DIGITAL_IN,ChoiceWallIR,-1,null
852596.317,DIGITAL_IN,ChoiceWallIR,0,null
852680.28,DIGITAL_IN,ChoiceWallIR,-1,null
852688.276,DIGITAL_IN,Hole5NP,0,null
852720.262,DIGITAL_IN,ChoiceWallIR,0,null
852888.187,DIGITAL_IN,ChoiceWallIR,-1,null
853296.005,DIGITAL_IN,ChoiceWallIR,0,null
853296.005,DIGITAL_IN,Hole5NP,-1,null
853335.987,DIGITAL_IN,Hole5NP,0,null
853351.98,DIGITAL_IN,ChoiceWallIR,-1,null
854884.296,DIGITAL_IN,Hole5NP,-1,null
855140.182,DIGITAL_IN,ChoiceWallIR,0,null
855180.164,DIGITAL_IN,ChoiceWallIR,-1,null
855216.148,DIGITAL_IN,ChoiceWallIR,0,null
855400.066,DIGITAL_IN,ChoiceWallIR,-1,null
855508.018,DIGITAL_IN,ChoiceWallIR,0,null
855631.963,DIGITAL_IN,Hole5NP,0,null
855735.916,DIGITAL_IN,Hole5NP,-1,null
855823.877,DIGITAL_IN,ChoiceWallIR,-1,null
855983.806,DIGITAL_IN,Hole5NP,0,null
856295.667,DIGITAL_IN,ChoiceWallIR,0,null
856487.581,DIGITAL_IN,ChoiceWallIR,-1,null
856831.428,DIGITAL_IN,ChoiceWallIR,0,null
856899.397,DIGITAL_IN,ChoiceWallIR,-1,null
857251.24,DIGITAL_IN,ChoiceWallIR,0,null
857303.217,DIGITAL_IN,ChoiceWallIR,-1,null
859622.183,DIGITAL_IN,ChoiceWallIR,0,null
860031.0,DIGITAL_IN,ChoiceWallIR,-1,null
860035.0,DIGITAL_IN,ChoiceWallIR,0,null
860078.979,DIGITAL_IN,ChoiceWallIR,-1,null
860386.841,DIGITAL_IN,ChoiceWallIR,0,null
860694.704,DIGITAL_IN,ChoiceWallIR,-1,null
860810.653,DIGITAL_IN,ChoiceWallIR,0,null
860826.645,DIGITAL_IN,ChoiceWallIR,-1,null
863297.543,DIGITAL_IN,ChoiceWallIR,0,null
864704.915,DIGITAL_IN,ChoiceWallIR,-1,null
865745.754,PROGRAMMATIC,ITITimerEvent,-1,null
866924.924,DIGITAL_IN,ChoiceWallIR,0,null
867040.873,DIGITAL_IN,ChoiceWallIR,-1,null
867400.712,DIGITAL_IN,ChoiceWallIR,0,null
867420.703,DIGITAL_IN,ChoiceWallIR,-1,null
867452.689,DIGITAL_IN,ChoiceWallIR,0,null
868212.35,DIGITAL_IN,ChoiceWallIR,-1,null
868736.116,DIGITAL_IN,ChoiceWallIR,0,null
868976.01,DIGITAL_IN,ChoiceWallIR,-1,null
869263.881,DIGITAL_IN,ChoiceWallIR,0,null
869343.845,DIGITAL_IN,ChoiceWallIR,-1,null
869463.792,DIGITAL_IN,ChoiceWallIR,0,null
870235.447,DIGITAL_IN,ChoiceWallIR,-1,null
870551.306,DIGITAL_IN,ChoiceWallIR,0,null
870843.754,PROGRAMMATIC,RandITITimerEvent,-1,null
870843.754,PROGRAMMATIC,FIEvent,-1,null
871422.918,DIGITAL_IN,ChoiceWallIR,-1,null
871694.796,DIGITAL_IN,ChoiceWallIR,0,null
871734.778,DIGITAL_IN,ChoiceWallIR,-1,null
871878.714,DIGITAL_IN,ChoiceWallIR,0,null
871910.7,DIGITAL_IN,ChoiceWallIR,-1,null
872110.611,DIGITAL_IN,ChoiceWallIR,0,null
872130.602,DIGITAL_IN,ChoiceWallIR,-1,null
872378.491,DIGITAL_IN,ChoiceWallIR,0,null
872398.482,DIGITAL_IN,Hole5NP,-1,null
872554.413,DIGITAL_IN,ChoiceWallIR,-1,null
872722.338,DIGITAL_IN,ChoiceWallIR,0,null
872754.324,DIGITAL_IN,ChoiceWallIR,-1,null
873447.015,DIGITAL_IN,Hole5NP,0,null
874166.693,DIGITAL_IN,ChoiceWallIR,0,null
874190.683,DIGITAL_IN,ChoiceWallIR,-1,null
874374.601,DIGITAL_IN,ChoiceWallIR,0,null
874402.588,DIGITAL_IN,ChoiceWallIR,-1,null
874578.51,DIGITAL_IN,ChoiceWallIR,0,null
874650.478,DIGITAL_IN,ChoiceWallIR,-1,null
876333.727,DIGITAL_IN,ChoiceWallIR,0,null
876461.67,DIGITAL_IN,Hole5NP,-1,null
876597.609,DIGITAL_IN,ChoiceWallIR,-1,null
876597.609,DIGITAL_IN,Hole5NP,0,null
876657.582,DIGITAL_IN,ChoiceWallIR,0,null
876733.548,DIGITAL_IN,ChoiceWallIR,-1,null
876749.541,DIGITAL_IN,ChoiceWallIR,0,null
876845.498,DIGITAL_IN,ChoiceWallIR,-1,null
877677.127,DIGITAL_IN,ChoiceWallIR,0,null
877697.118,DIGITAL_IN,ChoiceWallIR,-1,null
877705.115,DIGITAL_IN,ChoiceWallIR,0,null
877885.034,DIGITAL_IN,TrayWallIR,-1,null
878732.656,DIGITAL_IN,TrayWallIR,0,null
879328.391,DIGITAL_IN,ChoiceWallIR,-1,null
879356.378,DIGITAL_IN,ChoiceWallIR,0,null
879440.341,DIGITAL_IN,ChoiceWallIR,-1,null
879633.255,DIGITAL_IN,ChoiceWallIR,0,null
879765.196,DIGITAL_IN,ChoiceWallIR,-1,null
879773.192,DIGITAL_IN,ChoiceWallIR,0,null
880121.037,DIGITAL_IN,Hole5NP,-1,null
880412.907,DIGITAL_IN,ChoiceWallIR,-1,null
880436.896,DIGITAL_IN,Hole5NP,0,null
880640.805,DIGITAL_IN,ChoiceWallIR,0,null
880716.771,DIGITAL_IN,ChoiceWallIR,-1,null
881988.204,DIGITAL_IN,Hole5NP,-1,null
882256.084,DIGITAL_IN,Hole5NP,0,null
882839.824,DIGITAL_IN,Hole5NP,-1,null
883127.696,DIGITAL_IN,Hole5NP,0,null
883267.633,DIGITAL_IN,Hole5NP,-1,null
883823.385,DIGITAL_IN,Hole5NP,0,null
883887.357,DIGITAL_IN,ChoiceWallIR,0,null
883919.342,DIGITAL_IN,ChoiceWallIR,-1,null
884063.278,DIGITAL_IN,ChoiceWallIR,0,null
884419.119,DIGITAL_IN,Hole6NP,-1,null
884435.113,DIGITAL_IN,Hole6NP,0,null
884463.1,DIGITAL_IN,Hole6NP,-1,null
884551.06,DIGITAL_IN,ChoiceWallIR,-1,null
885214.764,DIGITAL_IN,Hole6NP,0,null
885694.55,DIGITAL_IN,Hole6NP,-1,null
885734.532,DIGITAL_IN,Hole6NP,0,null
885843.754,PROGRAMMATIC,FITimerEvent,-1,null
886066.384,DIGITAL_IN,Hole5NP,-1,null
886066.384,PROGRAMMATIC,Hole5Event,-1,null
886255.301,DIGITAL_IN,Hole5NP,0,null
886635.131,DIGITAL_IN,ChoiceWallIR,0,null
886639.13,DIGITAL_IN,ChoiceWallIR,-1,null
886647.125,DIGITAL_IN,ChoiceWallIR,0,null
886887.018,DIGITAL_IN,TrayWallIR,-1,null
887106.92,DIGITAL_IN,ChoiceWallIR,-1,null
887114.917,DIGITAL_IN,ChoiceWallIR,0,null
887266.384,PROGRAMMATIC,FeederTimerEvent,-1,null
887266.384,ALWAYS,ITI,-1,null
901662.426,DIGITAL_IN,TrayWallIR,0,null
901846.344,DIGITAL_IN,TrayWallIR,-1,null
901866.335,DIGITAL_IN,TrayWallIR,0,null
902202.186,DIGITAL_IN,ChoiceWallIR,-1,null
902298.143,DIGITAL_IN,ChoiceWallIR,0,null
903081.793,DIGITAL_IN,ChoiceWallIR,-1,null
903165.755,DIGITAL_IN,ChoiceWallIR,0,null
903205.738,DIGITAL_IN,ChoiceWallIR,-1,null
903217.732,DIGITAL_IN,ChoiceWallIR,0,null
903293.698,DIGITAL_IN,ChoiceWallIR,-1,null
903625.55,DIGITAL_IN,Hole5NP,-1,null
903653.538,DIGITAL_IN,Hole5NP,0,null
904289.254,DIGITAL_IN,ChoiceWallIR,0,null
904353.226,DIGITAL_IN,ChoiceWallIR,-1,null
904393.208,DIGITAL_IN,ChoiceWallIR,0,null
904421.196,DIGITAL_IN,ChoiceWallIR,-1,null
907266.384,PROGRAMMATIC,ITITimerEvent,-1,null
909028.14,DIGITAL_IN,ChoiceWallIR,0,null
909703.838,DIGITAL_IN,ChoiceWallIR,-1,null
909731.826,DIGITAL_IN,ChoiceWallIR,0,null
909783.803,DIGITAL_IN,ChoiceWallIR,-1,null
909795.797,DIGITAL_IN,ChoiceWallIR,0,null
909879.76,DIGITAL_IN,TrayWallIR,-1,null
910023.696,DIGITAL_IN,ChoiceWallIR,-1,null
910071.674,DIGITAL_IN,ChoiceWallIR,0,null
910199.617,DIGITAL_IN,TrayWallIR,0,null
911048.384,PROGRAMMATIC,RandITITimerEvent,-1,null
911048.384,PROGRAMMATIC,PIEvent,-1,null
911091.22,DIGITAL_IN,TrayWallIR,-1,null
911455.057,DIGITAL_IN,TrayWallIR,0,null
911495.039,DIGITAL_IN,TrayWallIR,-1,null
911590.997,DIGITAL_IN,TrayWallIR,0,null
912919.404,DIGITAL_IN,ChoiceWallIR,-1,null
913671.068,DIGITAL_IN,Hole5NP,-1,null
913870.979,DIGITAL_IN,Hole5NP,0,null
914182.84,DIGITAL_IN,Hole5NP,-1,null
914434.728,DIGITAL_IN,Hole5NP,0,null
915274.353,DIGITAL_IN,ChoiceWallIR,0,null
915310.337,DIGITAL_IN,ChoiceWallIR,-1,null
915974.041,DIGITAL_IN,ChoiceWallIR,0,null
917085.545,DIGITAL_IN,ChoiceWallIR,-1,null
917209.49,DIGITAL_IN,ChoiceWallIR,0,null
917493.363,DIGITAL_IN,ChoiceWallIR,-1,null
920592.98,DIGITAL_IN,Hole5NP,-1,null
920728.92,DIGITAL_IN,ChoiceWallIR,0,null
920744.913,DIGITAL_IN,ChoiceWallIR,-1,null
920776.899,DIGITAL_IN,ChoiceWallIR,0,null
920912.838,DIGITAL_IN,ChoiceWallIR,-1,null
920960.816,DIGITAL_IN,Hole5NP,0,null
921224.698,DIGITAL_IN,ChoiceWallIR,0,null
921280.674,DIGITAL_IN,ChoiceWallIR,-1,null
921352.641,DIGITAL_IN,Hole5NP,-1,null
921372.632,DIGITAL_IN,ChoiceWallIR,0,null
921412.615,DIGITAL_IN,ChoiceWallIR,-1,null
921460.593,DIGITAL_IN,ChoiceWallIR,0,null
921496.577,DIGITAL_IN,ChoiceWallIR,-1,null
921880.406,DIGITAL_IN,Hole5NP,0,null
921936.381,DIGITAL_IN,ChoiceWallIR,0,null
922128.295,DIGITAL_IN,ChoiceWallIR,-1,null
922324.208,DIGITAL_IN,ChoiceWallIR,0,null
922524.119,DIGITAL_IN,ChoiceWallIR,-1,null
922608.081,DIGITAL_IN,ChoiceWallIR,0,null
922648.063,DIGITAL_IN,Hole5NP,-1,null
922979.915,DIGITAL_IN,ChoiceWallIR,-1,null
922979.915,DIGITAL_IN,Hole5NP,0,null
923011.901,DIGITAL_IN,ChoiceWallIR,0,null
923075.873,DIGITAL_IN,ChoiceWallIR,-1,null
923515.676,DIGITAL_IN,ChoiceWallIR,0,null
923575.65,DIGITAL_IN,ChoiceWallIR,-1,null
926367.404,DIGITAL_IN,Hole5NP,-1,null
926731.242,DIGITAL_IN,Hole5NP,0,null
927918.712,DIGITAL_IN,Hole5NP,-1,null
928038.658,DIGITAL_IN,Hole5NP,0,null
928070.644,DIGITAL_IN,ChoiceWallIR,0,null
928170.6,DIGITAL_IN,ChoiceWallIR,-1,null
928206.583,DIGITAL_IN,ChoiceWallIR,0,null
928426.485,DIGITAL_IN,ChoiceWallIR,-1,null
928986.236,DIGITAL_IN,ChoiceWallIR,0,null
928994.232,DIGITAL_IN,ChoiceWallIR,-1,null
929002.229,DIGITAL_IN,ChoiceWallIR,0,null
929030.216,DIGITAL_IN,ChoiceWallIR,-1,null
929270.109,DIGITAL_IN,ChoiceWallIR,0,null
929358.07,DIGITAL_IN,ChoiceWallIR,-1,null
929681.925,DIGITAL_IN,ChoiceWallIR,0,null
932021.881,DIGITAL_IN,ChoiceWallIR,-1,null
932093.849,DIGITAL_IN,ChoiceWallIR,0,null
932137.83,DIGITAL_IN,ChoiceWallIR,-1,null
933933.029,DIGITAL_IN,ChoiceWallIR,0,null
934408.817,DIGITAL_IN,ChoiceWallIR,-1,null
934444.8,DIGITAL_IN,ChoiceWallIR,0,null
934476.786,DIGITAL_IN,ChoiceWallIR,-1,null
934880.606,DIGITAL_IN,ChoiceWallIR,0,null
935052.529,DIGITAL_IN,ChoiceWallIR,-1,null
935152.485,DIGITAL_IN,ChoiceWallIR,0,null
935260.436,DIGITAL_IN,ChoiceWallIR,-1,null
935276.429,DIGITAL_IN,ChoiceWallIR,0,null
935348.397,DIGITAL_IN,TrayWallIR,-1,null
935768.21,DIGITAL_IN,TrayWallIR,0,null
936112.056,DIGITAL_IN,ChoiceWallIR,-1,null
936120.053,DIGITAL_IN,ChoiceWallIR,0,null
936192.021,DIGITAL_IN,ChoiceWallIR,-1,null
936200.017,DIGITAL_IN,ChoiceWallIR,0,null
936263.989,DIGITAL_IN,ChoiceWallIR,-1,null
936311.967,DIGITAL_IN,ChoiceWallIR,0,null
936371.941,DIGITAL_IN,ChoiceWallIR,-1,null
936383.935,DIGITAL_IN,ChoiceWallIR,0,null
936439.91,DIGITAL_IN,Hole5NP,-1,null
936531.869,DIGITAL_IN,Hole5NP,0,null
936807.746,DIGITAL_IN,ChoiceWallIR,-1,null
936855.725,DIGITAL_IN,ChoiceWallIR,0,null
936919.696,DIGITAL_IN,Hole5NP,-1,null
936983.668,DIGITAL_IN,ChoiceWallIR,-1,null
937431.468,DIGITAL_IN,Hole5NP,0,null
938151.147,DIGITAL_IN,ChoiceWallIR,0,null
938175.136,DIGITAL_IN,ChoiceWallIR,-1,null
938323.07,DIGITAL_IN,ChoiceWallIR,0,null
938412.03,DIGITAL_IN,ChoiceWallIR,-1,null
940207.229,DIGITAL_IN,ChoiceWallIR,0,null
940231.219,DIGITAL_IN,ChoiceWallIR,-1,null
941486.659,DIGITAL_IN,ChoiceWallIR,0,null
941530.639,DIGITAL_IN,Hole5NP,-1,null
941874.486,DIGITAL_IN,ChoiceWallIR,-1,null
941890.478,DIGITAL_IN,Hole5NP,0,null
941918.466,DIGITAL_IN,Hole5NP,-1,null
941934.459,DIGITAL_IN,Hole5NP,0,null
942234.325,DIGITAL_IN,Hole5NP,-1,null
942238.324,DIGITAL_IN,ChoiceWallIR,0,null
942374.263,DIGITAL_IN,ChoiceWallIR,-1,null
942506.204,DIGITAL_IN,Hole5NP,0,null
943757.645,DIGITAL_IN,ChoiceWallIR,0,null
943881.59,DIGITAL_IN,ChoiceWallIR,-1,null
945897.691,DIGITAL_IN,Hole5NP,-1,null
946221.546,DIGITAL_IN,Hole5NP,0,null
946277.521,DIGITAL_IN,ChoiceWallIR,0,null
946301.51,DIGITAL_IN,ChoiceWallIR,-1,null
946413.46,DIGITAL_IN,ChoiceWallIR,0,null
946957.218,DIGITAL_IN,ChoiceWallIR,-1,null
947676.897,DIGITAL_IN,ChoiceWallIR,0,null
949372.14,DIGITAL_IN,ChoiceWallIR,-1,null
951095.372,DIGITAL_IN,Hole5NP,-1,null
951179.334,DIGITAL_IN,Hole5NP,0,null
952179.888,DIGITAL_IN,ChoiceWallIR,0,null
952191.882,DIGITAL_IN,ChoiceWallIR,-1,null
952695.658,DIGITAL_IN,ChoiceWallIR,0,null
952859.585,DIGITAL_IN,ChoiceWallIR,-1,null
952887.572,DIGITAL_IN,ChoiceWallIR,0,null
952979.531,DIGITAL_IN,ChoiceWallIR,-1,null
953403.342,DIGITAL_IN,ChoiceWallIR,0,null
953707.206,DIGITAL_IN,ChoiceWallIR,-1,null
954151.008,DIGITAL_IN,ChoiceWallIR,0,null
954170.999,DIGITAL_IN,ChoiceWallIR,-1,null
954178.996,DIGITAL_IN,Hole5NP,-1,null
954514.846,DIGITAL_IN,Hole5NP,0,null
954954.65,DIGITAL_IN,Hole6NP,-1,null
955174.552,DIGITAL_IN,Hole6NP,0,null
955414.445,DIGITAL_IN,Hole5NP,-1,null
955546.386,DIGITAL_IN,ChoiceWallIR,0,null
955586.368,DIGITAL_IN,ChoiceWallIR,-1,null
955670.331,DIGITAL_IN,Hole5NP,0,null
955834.257,DIGITAL_IN,ChoiceWallIR,0,null
955958.202,DIGITAL_IN,ChoiceWallIR,-1,null
956048.384,PROGRAMMATIC,PITimerEvent,-1,null
956048.384,ALWAYS,ITI,-1,null
956206.092,DIGITAL_IN,ChoiceWallIR,0,null
956302.049,DIGITAL_IN,ChoiceWallIR,-1,null
956410.001,DIGITAL_IN,ChoiceWallIR,0,null
956461.977,DIGITAL_IN,ChoiceWallIR,-1,null
956473.972,DIGITAL_IN,ChoiceWallIR,0,null
956557.935,DIGITAL_IN,ChoiceWallIR,-1,null
956741.853,DIGITAL_IN,ChoiceWallIR,0,null
956985.744,DIGITAL_IN,ChoiceWallIR,-1,null
957037.72,DIGITAL_IN,ChoiceWallIR,0,null
957217.64,DIGITAL_IN,ChoiceWallIR,-1,null
957225.637,DIGITAL_IN,ChoiceWallIR,0,null
957377.569,DIGITAL_IN,ChoiceWallIR,-1,null
957381.568,DIGITAL_IN,ChoiceWallIR,0,null
958270.171,DIGITAL_IN,ChoiceWallIR,-1,null
960065.37,DIGITAL_IN,ChoiceWallIR,0,null
960077.364,DIGITAL_IN,ChoiceWallIR,-1,null
960209.305,DIGITAL_IN,ChoiceWallIR,0,null
960717.079,DIGITAL_IN,ChoiceWallIR,-1,null
961944.531,DIGITAL_IN,ChoiceWallIR,0,null
961968.521,DIGITAL_IN,ChoiceWallIR,-1,null
962260.39,DIGITAL_IN,ChoiceWallIR,0,null
967323.132,DIGITAL_IN,ChoiceWallIR,-1,null
967335.126,DIGITAL_IN,ChoiceWallIR,0,null
967355.117,DIGITAL_IN,TrayWallIR,-1,null
967559.026,DIGITAL_IN,TrayWallIR,0,null
968214.734,DIGITAL_IN,TrayWallIR,-1,null
968518.598,DIGITAL_IN,TrayWallIR,0,null
968618.554,DIGITAL_IN,TrayWallIR,-1,null
968630.551,DIGITAL_IN,TrayWallIR,0,null
969494.163,DIGITAL_IN,TrayWallIR,-1,null
969554.136,DIGITAL_IN,TrayWallIR,0,null
969590.12,DIGITAL_IN,TrayWallIR,-1,null
969626.104,DIGITAL_IN,TrayWallIR,0,null
969694.074,DIGITAL_IN,TrayWallIR,-1,null
969718.063,DIGITAL_IN,TrayWallIR,0,null
969750.049,DIGITAL_IN,TrayWallIR,-1,null
969834.011,DIGITAL_IN,TrayWallIR,0,null
970049.915,DIGITAL_IN,TrayWallIR,-1,null
970185.854,DIGITAL_IN,TrayWallIR,0,null
970565.685,DIGITAL_IN,TrayWallIR,-1,null
970629.657,DIGITAL_IN,TrayWallIR,0,null
971038.474,DIGITAL_IN,TrayWallIR,-1,null
973233.495,DIGITAL_IN,TrayWallIR,0,null
974329.006,DIGITAL_IN,TrayWallIR,-1,null
974820.787,DIGITAL_IN,TrayWallIR,0,null
975024.696,DIGITAL_IN,TrayWallIR,-1,null
975032.692,DIGITAL_IN,TrayWallIR,0,null
976048.384,PROGRAMMATIC,ITITimerEvent,-1,null
976951.836,DIGITAL_IN,TrayWallIR,-1,null
981230.927,DIGITAL_IN,TrayWallIR,0,null
982259.384,PROGRAMMATIC,RandITITimerEvent,-1,null
982259.384,PROGRAMMATIC,FIEvent,-1,null
982358.424,DIGITAL_IN,ChoiceWallIR,-1,null
982662.288,DIGITAL_IN,ChoiceWallIR,0,null
982806.224,DIGITAL_IN,Hole5NP,-1,null
982830.213,DIGITAL_IN,Hole5NP,0,null
982850.204,DIGITAL_IN,Hole5NP,-1,null
982930.169,DIGITAL_IN,Hole5NP,0,null
982946.161,DIGITAL_IN,Hole5NP,-1,null
983218.04,DIGITAL_IN,Hole5NP,0,null
983226.036,DIGITAL_IN,ChoiceWallIR,-1,null
983286.01,DIGITAL_IN,ChoiceWallIR,0,null
983493.917,DIGITAL_IN,Hole5NP,-1,null
983773.792,DIGITAL_IN,ChoiceWallIR,-1,null
983789.785,DIGITAL_IN,Hole5NP,0,null
983805.778,DIGITAL_IN,Hole5NP,-1,null
983913.73,DIGITAL_IN,Hole5NP,0,null
984033.676,DIGITAL_IN,ChoiceWallIR,0,null
984342.538,DIGITAL_IN,ChoiceWallIR,-1,null
984922.28,DIGITAL_IN,ChoiceWallIR,0,null
985158.175,DIGITAL_IN,ChoiceWallIR,-1,null
985166.171,DIGITAL_IN,ChoiceWallIR,0,null
985230.142,DIGITAL_IN,TrayWallIR,-1,null
985454.043,DIGITAL_IN,TrayWallIR,0,null
985729.919,DIGITAL_IN,TrayWallIR,-1,null
985829.875,DIGITAL_IN,TrayWallIR,0,null
985917.836,DIGITAL_IN,TrayWallIR,-1,null
985993.802,DIGITAL_IN,TrayWallIR,0,null
986469.589,DIGITAL_IN,ChoiceWallIR,-1,null
986661.504,DIGITAL_IN,ChoiceWallIR,0,null
986945.377,DIGITAL_IN,Hole5NP,-1,null
987021.343,DIGITAL_IN,Hole5NP,0,null
987033.338,DIGITAL_IN,Hole5NP,-1,null
987265.234,DIGITAL_IN,Hole5NP,0,null
987393.177,DIGITAL_IN,ChoiceWallIR,-1,null
987529.118,DIGITAL_IN,ChoiceWallIR,0,null
987549.108,DIGITAL_IN,Hole5NP,-1,null
987673.052,DIGITAL_IN,ChoiceWallIR,-1,null
987725.029,DIGITAL_IN,ChoiceWallIR,0,null
987777.006,DIGITAL_IN,ChoiceWallIR,-1,null
987828.983,DIGITAL_IN,Hole5NP,0,null
988448.706,DIGITAL_IN,ChoiceWallIR,0,null
988492.687,DIGITAL_IN,Hole5NP,-1,null
988532.669,DIGITAL_IN,ChoiceWallIR,-1,null
988796.551,DIGITAL_IN,Hole5NP,0,null
989228.359,DIGITAL_IN,ChoiceWallIR,0,null
989316.319,DIGITAL_IN,Hole6NP,-1,null
989392.285,DIGITAL_IN,Hole6NP,0,null
989432.268,DIGITAL_IN,Hole6NP,-1,null
989508.234,DIGITAL_IN,Hole6NP,0,null
989884.066,DIGITAL_IN,Hole5NP,-1,null
989916.052,DIGITAL_IN,ChoiceWallIR,-1,null
989948.038,DIGITAL_IN,ChoiceWallIR,0,null
990024.004,DIGITAL_IN,ChoiceWallIR,-1,null
990047.993,DIGITAL_IN,Hole5NP,0,null
990203.923,DIGITAL_IN,ChoiceWallIR,0,null
990275.891,DIGITAL_IN,ChoiceWallIR,-1,null
994882.836,DIGITAL_IN,ChoiceWallIR,0,null
994898.829,DIGITAL_IN,ChoiceWallIR,-1,null
994926.816,DIGITAL_IN,ChoiceWallIR,0,null
995158.713,DIGITAL_IN,ChoiceWallIR,-1,null
995270.663,DIGITAL_IN,ChoiceWallIR,0,null
995342.631,DIGITAL_IN,ChoiceWallIR,-1,null
995702.47,DIGITAL_IN,ChoiceWallIR,0,null
995922.374,DIGITAL_IN,ChoiceWallIR,-1,null
995950.36,DIGITAL_IN,ChoiceWallIR,0,null
996058.311,DIGITAL_IN,Hole5NP,-1,null
996206.245,DIGITAL_IN,ChoiceWallIR,-1,null
996530.101,DIGITAL_IN,Hole5NP,0,null
996614.063,DIGITAL_IN,ChoiceWallIR,0,null
996993.894,DIGITAL_IN,ChoiceWallIR,-1,null
997125.835,DIGITAL_IN,ChoiceWallIR,0,null
997259.384,PROGRAMMATIC,FITimerEvent,-1,null
997266.772,DIGITAL_IN,ChoiceWallIR,-1,null
997278.767,DIGITAL_IN,ChoiceWallIR,0,null
997310.753,DIGITAL_IN,ChoiceWallIR,-1,null
997458.687,DIGITAL_IN,ChoiceWallIR,0,null
997494.671,DIGITAL_IN,ChoiceWallIR,-1,null
997506.666,DIGITAL_IN,ChoiceWallIR,0,null
997538.651,DIGITAL_IN,ChoiceWallIR,-1,null
997582.631,DIGITAL_IN,ChoiceWallIR,0,null
997726.567,DIGITAL_IN,TrayWallIR,-1,null
1004628.488,DIGITAL_IN,TrayWallIR,0,null
1004712.45,DIGITAL_IN,ChoiceWallIR,-1,null
1004764.427,DIGITAL_IN,ChoiceWallIR,0,null
1005056.297,DIGITAL_IN,ChoiceWallIR,-1,null
1005096.279,DIGITAL_IN,ChoiceWallIR,0,null
1005160.251,DIGITAL_IN,ChoiceWallIR,-1,null
1005172.245,DIGITAL_IN,ChoiceWallIR,0,null
1005232.218,DIGITAL_IN,ChoiceWallIR,-1,null
1005336.172,DIGITAL_IN,ChoiceWallIR,0,null
1005420.135,DIGITAL_IN,Hole5NP,-1,null
1005420.135,PROGRAMMATIC,Hole5Event,-1,null
1005444.124,DIGITAL_IN,ChoiceWallIR,-1,null
1005496.101,DIGITAL_IN,ChoiceWallIR,0,null
1005604.053,DIGITAL_IN,Hole5NP,0,null
1005743.99,DIGITAL_IN,ChoiceWallIR,-1,null
1005887.926,DIGITAL_IN,ChoiceWallIR,0,null
1005903.919,DIGITAL_IN,ChoiceWallIR,-1,null
1005927.908,DIGITAL_IN,ChoiceWallIR,0,null
1005995.878,DIGITAL_IN,ChoiceWallIR,-1,null
1006207.783,DIGITAL_IN,ChoiceWallIR,0,null
1006291.746,DIGITAL_IN,TrayWallIR,-1,null
1006620.135,PROGRAMMATIC,FeederTimerEvent,-1,null
1006620.135,ALWAYS,ITI,-1,null
1026620.135,PROGRAMMATIC,ITITimerEvent,-1,null
1029316.135,PROGRAMMATIC,RandITITimerEvent,-1,null
1029316.135,PROGRAMMATIC,PIEvent,-1,null
1033927.416,DIGITAL_IN,TrayWallIR,0,null
1034171.307,DIGITAL_IN,ChoiceWallIR,-1,null
1034667.086,DIGITAL_IN,ChoiceWallIR,0,null
1034819.018,DIGITAL_IN,Hole5NP,-1,null
1035278.813,DIGITAL_IN,ChoiceWallIR,-1,null
1035374.77,DIGITAL_IN,Hole5NP,0,null
1035430.745,DIGITAL_IN,ChoiceWallIR,0,null
1035662.642,DIGITAL_IN,ChoiceWallIR,-1,null
1035766.595,DIGITAL_IN,ChoiceWallIR,0,null
1036278.367,DIGITAL_IN,ChoiceWallIR,-1,null
1036743.16,DIGITAL_IN,ChoiceWallIR,0,null
1036935.074,DIGITAL_IN,ChoiceWallIR,-1,null
1037087.006,DIGITAL_IN,ChoiceWallIR,0,null
1037114.994,DIGITAL_IN,ChoiceWallIR,-1,null
1037534.807,DIGITAL_IN,ChoiceWallIR,0,null
1037994.601,DIGITAL_IN,ChoiceWallIR,-1,null
1038026.587,DIGITAL_IN,ChoiceWallIR,0,null
1038386.427,DIGITAL_IN,ChoiceWallIR,-1,null
1038522.366,DIGITAL_IN,ChoiceWallIR,0,null
1038902.197,DIGITAL_IN,ChoiceWallIR,-1,null
1038914.191,DIGITAL_IN,ChoiceWallIR,0,null
1038958.172,DIGITAL_IN,ChoiceWallIR,-1,null
1038966.168,DIGITAL_IN,ChoiceWallIR,0,null
1039074.12,DIGITAL_IN,ChoiceWallIR,-1,null
1039094.111,DIGITAL_IN,ChoiceWallIR,0,null
1039813.79,DIGITAL_IN,TrayWallIR,-1,null
1039961.724,DIGITAL_IN,TrayWallIR,0,null
1041668.962,DIGITAL_IN,TrayWallIR,-1,null
1041908.855,DIGITAL_IN,TrayWallIR,0,null
1042584.554,DIGITAL_IN,TrayWallIR,-1,null
1044656.629,DIGITAL_IN,TrayWallIR,0,null
1044800.565,DIGITAL_IN,ChoiceWallIR,-1,null
1044828.552,DIGITAL_IN,ChoiceWallIR,0,null
1044888.526,DIGITAL_IN,ChoiceWallIR,-1,null
1045120.422,DIGITAL_IN,ChoiceWallIR,0,null
1045180.396,DIGITAL_IN,Hole5NP,-1,null
1045220.378,DIGITAL_IN,Hole5NP,0,null
1045236.371,DIGITAL_IN,Hole5NP,-1,null
1046032.016,DIGITAL_IN,Hole5NP,0,null
1046539.789,DIGITAL_IN,ChoiceWallIR,-1,null
1046563.778,DIGITAL_IN,ChoiceWallIR,0,null
1046631.748,DIGITAL_IN,ChoiceWallIR,-1,null
1047015.577,DIGITAL_IN,ChoiceWallIR,0,null
1047203.493,DIGITAL_IN,ChoiceWallIR,-1,null
1049070.66,DIGITAL_IN,ChoiceWallIR,0,null
1049106.644,DIGITAL_IN,ChoiceWallIR,-1,null
1049126.635,DIGITAL_IN,ChoiceWallIR,0,null
1049162.619,DIGITAL_IN,ChoiceWallIR,-1,null
1049515.462,DIGITAL_IN,ChoiceWallIR,0,null
1049615.417,DIGITAL_IN,ChoiceWallIR,-1,null
1049635.408,DIGITAL_IN,ChoiceWallIR,0,null
1050459.04,DIGITAL_IN,ChoiceWallIR,-1,null
1050686.939,DIGITAL_IN,Hole5NP,-1,null
1050842.869,DIGITAL_IN,Hole5NP,0,null
1050866.858,DIGITAL_IN,Hole5NP,-1,null
1051114.748,DIGITAL_IN,Hole5NP,0,null
1051658.505,DIGITAL_IN,Hole5NP,-1,null
1051682.495,DIGITAL_IN,Hole5NP,0,null
1051698.487,DIGITAL_IN,Hole5NP,-1,null
1051986.359,DIGITAL_IN,Hole5NP,0,null
1052790.0,DIGITAL_IN,ChoiceWallIR,0,null
1052901.951,DIGITAL_IN,ChoiceWallIR,-1,null
1052921.942,DIGITAL_IN,ChoiceWallIR,0,null
1053365.744,DIGITAL_IN,ChoiceWallIR,-1,null
1064714.68,DIGITAL_IN,ChoiceWallIR,0,null
1064998.554,DIGITAL_IN,ChoiceWallIR,-1,null
1065018.545,DIGITAL_IN,ChoiceWallIR,0,null
1065750.219,DIGITAL_IN,ChoiceWallIR,-1,null
1066269.986,DIGITAL_IN,ChoiceWallIR,0,null
1067553.414,DIGITAL_IN,Hole5NP,-1,null
1067593.396,DIGITAL_IN,Hole5NP,0,null
1068061.187,DIGITAL_IN,ChoiceWallIR,-1,null
1068361.053,DIGITAL_IN,ChoiceWallIR,0,null
1068389.041,DIGITAL_IN,ChoiceWallIR,-1,null
1068437.02,DIGITAL_IN,ChoiceWallIR,0,null
1069025.757,DIGITAL_IN,Hole5NP,-1,null
1069421.58,DIGITAL_IN,Hole5NP,0,null
1069929.354,DIGITAL_IN,ChoiceWallIR,-1,null
1069953.343,DIGITAL_IN,ChoiceWallIR,0,null
1070097.279,DIGITAL_IN,ChoiceWallIR,-1,null
1071196.788,DIGITAL_IN,ChoiceWallIR,0,null
1071692.567,DIGITAL_IN,ChoiceWallIR,-1,null
1071796.521,DIGITAL_IN,ChoiceWallIR,0,null
1071876.485,DIGITAL_IN,TrayWallIR,-1,null
1073067.953,DIGITAL_IN,TrayWallIR,0,null
1073711.666,DIGITAL_IN,ChoiceWallIR,-1,null
1073743.652,DIGITAL_IN,ChoiceWallIR,0,null
1073931.568,DIGITAL_IN,ChoiceWallIR,-1,null
1074316.135,PROGRAMMATIC,PITimerEvent,-1,null
1074316.135,ALWAYS,ITI,-1,null
1075278.967,DIGITAL_IN,ChoiceWallIR,0,null
1075903.688,DIGITAL_IN,ChoiceWallIR,-1,null
1077263.082,DIGITAL_IN,ChoiceWallIR,0,null
1077303.064,DIGITAL_IN,ChoiceWallIR,-1,null
1077578.941,DIGITAL_IN,ChoiceWallIR,0,null
1077586.937,DIGITAL_IN,ChoiceWallIR,-1,null
1078566.5,DIGITAL_IN,ChoiceWallIR,0,null
1078582.493,DIGITAL_IN,ChoiceWallIR,-1,null
1078634.47,DIGITAL_IN,ChoiceWallIR,0,null
1078642.466,DIGITAL_IN,ChoiceWallIR,-1,null
1078822.386,DIGITAL_IN,ChoiceWallIR,0,null
1079114.256,DIGITAL_IN,ChoiceWallIR,-1,null
1079462.101,DIGITAL_IN,ChoiceWallIR,0,null
1079482.092,DIGITAL_IN,ChoiceWallIR,-1,null
1079650.017,DIGITAL_IN,ChoiceWallIR,0,null
1079773.962,DIGITAL_IN,ChoiceWallIR,-1,null
1079781.958,DIGITAL_IN,ChoiceWallIR,0,null
1079817.942,DIGITAL_IN,ChoiceWallIR,-1,null
1080421.673,DIGITAL_IN,ChoiceWallIR,0,null
1080645.573,DIGITAL_IN,ChoiceWallIR,-1,null
1080653.569,DIGITAL_IN,ChoiceWallIR,0,null
1080693.551,DIGITAL_IN,ChoiceWallIR,-1,null
1081397.237,DIGITAL_IN,ChoiceWallIR,0,null
1082657.675,DIGITAL_IN,Hole5NP,-1,null
1082917.559,DIGITAL_IN,Hole5NP,0,null
1082953.543,DIGITAL_IN,ChoiceWallIR,-1,null
1083189.438,DIGITAL_IN,ChoiceWallIR,0,null
1083625.243,DIGITAL_IN,ChoiceWallIR,-1,null
1083645.234,DIGITAL_IN,ChoiceWallIR,0,null
1084212.981,DIGITAL_IN,ChoiceWallIR,-1,null
1084224.976,DIGITAL_IN,ChoiceWallIR,0,null
1084540.835,DIGITAL_IN,ChoiceWallIR,-1,null
1084604.806,DIGITAL_IN,ChoiceWallIR,0,null
1084632.794,DIGITAL_IN,ChoiceWallIR,-1,null
1084660.781,DIGITAL_IN,ChoiceWallIR,0,null
1084672.776,DIGITAL_IN,ChoiceWallIR,-1,null
1084700.763,DIGITAL_IN,ChoiceWallIR,0,null
1084716.756,DIGITAL_IN,ChoiceWallIR,-1,null
1084732.749,DIGITAL_IN,ChoiceWallIR,0,null
1084752.74,DIGITAL_IN,ChoiceWallIR,-1,null
1085028.617,DIGITAL_IN,ChoiceWallIR,0,null
1085520.398,DIGITAL_IN,ChoiceWallIR,-1,null
1086823.816,DIGITAL_IN,ChoiceWallIR,0,null
1087271.616,DIGITAL_IN,ChoiceWallIR,-1,null
1087283.611,DIGITAL_IN,ChoiceWallIR,0,null
1087879.345,DIGITAL_IN,ChoiceWallIR,-1,null
1087887.342,DIGITAL_IN,ChoiceWallIR,0,null
1087903.335,DIGITAL_IN,ChoiceWallIR,-1,null
1087911.331,DIGITAL_IN,ChoiceWallIR,0,null
1088091.251,DIGITAL_IN,TrayWallIR,-1,null
1088119.238,DIGITAL_IN,TrayWallIR,0,null
1088491.072,DIGITAL_IN,TrayWallIR,-1,null
1088515.062,DIGITAL_IN,ChoiceWallIR,-1,null
1088527.056,DIGITAL_IN,ChoiceWallIR,0,null
1088611.019,DIGITAL_IN,TrayWallIR,0,null
1088779.944,DIGITAL_IN,ChoiceWallIR,-1,null
1088787.94,DIGITAL_IN,ChoiceWallIR,0,null
1089807.485,DIGITAL_IN,Hole5NP,-1,null
1089975.41,DIGITAL_IN,Hole5NP,0,null
1090047.378,DIGITAL_IN,ChoiceWallIR,-1,null
1090055.375,DIGITAL_IN,ChoiceWallIR,0,null
1090515.169,DIGITAL_IN,ChoiceWallIR,-1,null
1090539.159,DIGITAL_IN,ChoiceWallIR,0,null
1090603.13,DIGITAL_IN,ChoiceWallIR,-1,null
1090887.004,DIGITAL_IN,ChoiceWallIR,0,null
1090934.982,DIGITAL_IN,ChoiceWallIR,-1,null
1091018.945,DIGITAL_IN,ChoiceWallIR,0,null
1091118.9,DIGITAL_IN,ChoiceWallIR,-1,null
1091150.886,DIGITAL_IN,ChoiceWallIR,0,null
1091298.82,DIGITAL_IN,TrayWallIR,-1,null
1092178.427,DIGITAL_IN,TrayWallIR,0,null
1092234.402,DIGITAL_IN,ChoiceWallIR,-1,null
1092814.144,DIGITAL_IN,ChoiceWallIR,0,null
1093237.955,DIGITAL_IN,ChoiceWallIR,-1,null
1093241.955,DIGITAL_IN,ChoiceWallIR,0,null
1093253.947,DIGITAL_IN,ChoiceWallIR,-1,null
1093261.944,DIGITAL_IN,ChoiceWallIR,0,null
1093309.923,DIGITAL_IN,ChoiceWallIR,-1,null
1093577.803,DIGITAL_IN,ChoiceWallIR,0,null
1093813.698,DIGITAL_IN,ChoiceWallIR,-1,null
1094073.582,DIGITAL_IN,ChoiceWallIR,0,null
1094316.135,PROGRAMMATIC,ITITimerEvent,-1,null
1094345.461,DIGITAL_IN,ChoiceWallIR,-1,null
1094389.441,DIGITAL_IN,ChoiceWallIR,0,null
1094703.135,PROGRAMMATIC,RandITITimerEvent,-1,null
1094703.135,PROGRAMMATIC,FIEvent,-1,null
1095146.103,DIGITAL_IN,Hole5NP,-1,null
1095326.023,DIGITAL_IN,Hole5NP,0,null
1096313.583,DIGITAL_IN,ChoiceWallIR,-1,null
1097277.152,DIGITAL_IN,ChoiceWallIR,0,null
1097652.985,DIGITAL_IN,ChoiceWallIR,-1,null
1097764.935,DIGITAL_IN,ChoiceWallIR,0,null
1098356.671,DIGITAL_IN,ChoiceWallIR,-1,null
1098388.657,DIGITAL_IN,ChoiceWallIR,0,null
1098692.521,DIGITAL_IN,ChoiceWallIR,-1,null
1099112.334,DIGITAL_IN,ChoiceWallIR,0,null
1099724.061,DIGITAL_IN,ChoiceWallIR,-1,null
1099931.968,DIGITAL_IN,ChoiceWallIR,0,null
1099947.961,DIGITAL_IN,ChoiceWallIR,-1,null
1099963.954,DIGITAL_IN,TrayWallIR,-1,null
1099975.949,DIGITAL_IN,ChoiceWallIR,0,null
1099987.943,DIGITAL_IN,TrayWallIR,0,null
1100167.863,DIGITAL_IN,ChoiceWallIR,-1,null
1100651.647,DIGITAL_IN,ChoiceWallIR,0,null
1101027.479,DIGITAL_IN,ChoiceWallIR,-1,null
1101155.422,DIGITAL_IN,TrayWallIR,-1,null
1101163.419,DIGITAL_IN,TrayWallIR,0,null
1104446.954,DIGITAL_IN,ChoiceWallIR,0,null
1104814.79,DIGITAL_IN,Hole5NP,-1,null
1104910.747,DIGITAL_IN,Hole5NP,0,null
1105146.642,DIGITAL_IN,ChoiceWallIR,-1,null
1105542.465,DIGITAL_IN,ChoiceWallIR,0,null
1106098.217,DIGITAL_IN,ChoiceWallIR,-1,null
1106338.11,DIGITAL_IN,ChoiceWallIR,0,null
1106358.101,DIGITAL_IN,ChoiceWallIR,-1,null
1106434.067,DIGITAL_IN,ChoiceWallIR,0,null
1106901.858,DIGITAL_IN,TrayWallIR,-1,null
1107529.578,DIGITAL_IN,TrayWallIR,0,null
1107573.559,DIGITAL_IN,TrayWallIR,-1,null
1107725.491,DIGITAL_IN,TrayWallIR,0,null
1107917.405,DIGITAL_IN,ChoiceWallIR,-1,null
1108005.366,DIGITAL_IN,ChoiceWallIR,0,null
1108109.32,DIGITAL_IN,ChoiceWallIR,-1,null
1108117.316,DIGITAL_IN,ChoiceWallIR,0,null
1108197.28,DIGITAL_IN,ChoiceWallIR,-1,null
1108362.207,DIGITAL_IN,ChoiceWallIR,0,null
1108386.196,DIGITAL_IN,ChoiceWallIR,-1,null
1108849.992,DIGITAL_IN,ChoiceWallIR,0,null
1108949.945,DIGITAL_IN,Hole6NP,-1,null
1109005.92,DIGITAL_IN,Hole6NP,0,null
1109233.818,DIGITAL_IN,Hole5NP,-1,null
1109505.697,DIGITAL_IN,Hole5NP,0,null
1109703.135,PROGRAMMATIC,FITimerEvent,-1,null
1109741.591,DIGITAL_IN,Hole5NP,-1,null
1109741.591,PROGRAMMATIC,Hole5Event,-1,null
1109977.486,DIGITAL_IN,Hole5NP,0,null
1110057.451,DIGITAL_IN,ChoiceWallIR,-1,null
1110121.422,DIGITAL_IN,ChoiceWallIR,0,null
1110573.221,DIGITAL_IN,TrayWallIR,-1,null
1110941.591,PROGRAMMATIC,FeederTimerEvent,-1,null
1110941.591,ALWAYS,ITI,-1,null
1121846.191,DIGITAL_IN,TrayWallIR,0,null
1121874.179,DIGITAL_IN,TrayWallIR,-1,null
1121886.173,DIGITAL_IN,TrayWallIR,0,null
1122285.995,DIGITAL_IN,ChoiceWallIR,-1,null
1122293.991,DIGITAL_IN,ChoiceWallIR,0,null
1123725.353,DIGITAL_IN,Hole6NP,-1,null
1124081.194,DIGITAL_IN,ChoiceWallIR,-1,null
1124776.883,DIGITAL_IN,Hole6NP,0,null
1125016.776,DIGITAL_IN,ChoiceWallIR,0,null
1125072.751,DIGITAL_IN,Hole5NP,-1,null
1125156.714,DIGITAL_IN,Hole5NP,0,null
1125208.691,DIGITAL_IN,Hole5NP,-1,null
1125332.636,DIGITAL_IN,ChoiceWallIR,-1,null
1125576.527,DIGITAL_IN,Hole5NP,0,null
1125620.507,DIGITAL_IN,Hole5NP,-1,null
1125704.47,DIGITAL_IN,ChoiceWallIR,0,null
1125808.423,DIGITAL_IN,ChoiceWallIR,-1,null
1125852.404,DIGITAL_IN,ChoiceWallIR,0,null
1125980.347,DIGITAL_IN,Hole5NP,0,null
1126208.245,DIGITAL_IN,ChoiceWallIR,-1,null
1126488.12,DIGITAL_IN,ChoiceWallIR,0,null
1126600.07,DIGITAL_IN,ChoiceWallIR,-1,null
1126791.984,DIGITAL_IN,ChoiceWallIR,0,null
1126887.942,DIGITAL_IN,Hole5NP,-1,null
1127023.881,DIGITAL_IN,ChoiceWallIR,-1,null
1127047.87,DIGITAL_IN,Hole5NP,0,null
1127091.851,DIGITAL_IN,ChoiceWallIR,0,null
1127179.811,DIGITAL_IN,ChoiceWallIR,-1,null
1127703.578,DIGITAL_IN,TrayWallIR,-1,null
1127711.574,DIGITAL_IN,TrayWallIR,0,null
1128096.402,DIGITAL_IN,ChoiceWallIR,0,null
1128160.374,DIGITAL_IN,ChoiceWallIR,-1,null
1128172.369,DIGITAL_IN,ChoiceWallIR,0,null
1128244.337,DIGITAL_IN,ChoiceWallIR,-1,null
1128400.267,DIGITAL_IN,ChoiceWallIR,0,null
1128916.037,DIGITAL_IN,TrayWallIR,-1,null
1129319.857,DIGITAL_IN,TrayWallIR,0,null
1129347.844,DIGITAL_IN,TrayWallIR,-1,null
1129467.791,DIGITAL_IN,TrayWallIR,0,null
1129559.75,DIGITAL_IN,TrayWallIR,-1,null
1129599.732,DIGITAL_IN,TrayWallIR,0,null
1130941.591,PROGRAMMATIC,ITITimerEvent,-1,null
1132522.428,DIGITAL_IN,ChoiceWallIR,-1,null
1132646.591,PROGRAMMATIC,RandITITimerEvent,-1,null
1132646.591,PROGRAMMATIC,FIEvent,-1,null
1133741.884,DIGITAL_IN,ChoiceWallIR,0,null
1133773.869,DIGITAL_IN,ChoiceWallIR,-1,null
1133801.857,DIGITAL_IN,Hole6NP,-1,null
1133901.812,DIGITAL_IN,Hole6NP,0,null
1134077.734,DIGITAL_IN,Hole6NP,-1,null
1134137.707,DIGITAL_IN,Hole6NP,0,null
1134574.512,DIGITAL_IN,Hole5NP,-1,null
1134750.434,DIGITAL_IN,Hole5NP,0,null
1135642.036,DIGITAL_IN,Hole6NP,-1,null
1135698.011,DIGITAL_IN,Hole6NP,0,null
1135913.915,DIGITAL_IN,Hole6NP,-1,null
1136537.636,DIGITAL_IN,Hole6NP,0,null
1137905.026,DIGITAL_IN,ChoiceWallIR,0,null
1138368.819,DIGITAL_IN,ChoiceWallIR,-1,null
1138704.67,DIGITAL_IN,ChoiceWallIR,0,null
1138892.587,DIGITAL_IN,ChoiceWallIR,-1,null
1138908.579,DIGITAL_IN,ChoiceWallIR,0,null
1139972.104,DIGITAL_IN,ChoiceWallIR,-1,null
1139976.104,DIGITAL_IN,ChoiceWallIR,0,null
1140287.963,DIGITAL_IN,Hole5NP,-1,null
1140439.895,DIGITAL_IN,Hole5NP,0,null
1141016.638,DIGITAL_IN,ChoiceWallIR,-1,null
1141032.631,DIGITAL_IN,ChoiceWallIR,0,null
1141036.63,DIGITAL_IN,Hole6NP,-1,null
1141156.576,DIGITAL_IN,ChoiceWallIR,-1,null
1141156.576,DIGITAL_IN,Hole6NP,0,null
1141556.397,DIGITAL_IN,Hole6NP,-1,null
1141640.36,DIGITAL_IN,Hole6NP,0,null
1141808.285,DIGITAL_IN,Hole6NP,-1,null
1142072.167,DIGITAL_IN,ChoiceWallIR,0,null
1142084.162,DIGITAL_IN,ChoiceWallIR,-1,null
1142112.149,DIGITAL_IN,Hole6NP,0,null
1142699.887,DIGITAL_IN,Hole6NP,-1,null
1143379.584,DIGITAL_IN,Hole6NP,0,null
1144591.043,DIGITAL_IN,Hole5NP,-1,null
1144611.034,DIGITAL_IN,Hole5NP,0,null
1147277.845,DIGITAL_IN,ChoiceWallIR,0,null
1147646.591,PROGRAMMATIC,FITimerEvent,-1,null
1148150.455,DIGITAL_IN,ChoiceWallIR,-1,null
1149881.683,DIGITAL_IN,Hole5NP,-1,null
1149881.683,PROGRAMMATIC,Hole5Event,-1,null
1150105.583,DIGITAL_IN,Hole5NP,0,null
1150177.551,DIGITAL_IN,ChoiceWallIR,0,null
1150189.546,DIGITAL_IN,ChoiceWallIR,-1,null
1150457.426,DIGITAL_IN,ChoiceWallIR,0,null
1150493.41,DIGITAL_IN,ChoiceWallIR,-1,null
1150645.342,DIGITAL_IN,ChoiceWallIR,0,null
1150769.287,DIGITAL_IN,TrayWallIR,-1,null
1151081.683,PROGRAMMATIC,FeederTimerEvent,-1,null
1151081.683,ALWAYS,ITI,-1,null
1163593.565,DIGITAL_IN,TrayWallIR,0,null
1164261.268,DIGITAL_IN,TrayWallIR,-1,null
1165896.538,DIGITAL_IN,TrayWallIR,0,null
1171081.683,PROGRAMMATIC,ITITimerEvent,-1,null
1175563.683,PROGRAMMATIC,RandITITimerEvent,-1,null
1175563.683,PROGRAMMATIC,FIEvent,-1,null
1190265.666,DIGITAL_IN,ChoiceWallIR,-1,null
1190281.658,DIGITAL_IN,ChoiceWallIR,0,null
1190563.683,PROGRAMMATIC,FITimerEvent,-1,null
1191505.113,DIGITAL_IN,ChoiceWallIR,-1,null
1191517.107,DIGITAL_IN,ChoiceWallIR,0,null
1191597.072,DIGITAL_IN,ChoiceWallIR,-1,null
1192056.866,DIGITAL_IN,ChoiceWallIR,0,null
1192140.829,DIGITAL_IN,ChoiceWallIR,-1,null
1192224.793,DIGITAL_IN,ChoiceWallIR,0,null
1192388.718,DIGITAL_IN,Hole5NP,-1,null
1192388.718,PROGRAMMATIC,Hole5Event,-1,null
1192448.692,DIGITAL_IN,Hole5NP,0,null
1192676.59,DIGITAL_IN,ChoiceWallIR,-1,null
1192680.589,DIGITAL_IN,ChoiceWallIR,0,null
1192916.483,DIGITAL_IN,ChoiceWallIR,-1,null
1192920.482,DIGITAL_IN,ChoiceWallIR,0,null
1193108.397,DIGITAL_IN,ChoiceWallIR,-1,null
1193120.392,DIGITAL_IN,ChoiceWallIR,0,null
1193153.377,DIGITAL_IN,TrayWallIR,-1,null
1193221.347,DIGITAL_IN,ChoiceWallIR,-1,null
1193233.342,DIGITAL_IN,ChoiceWallIR,0,null
1193588.718,PROGRAMMATIC,FeederTimerEvent,-1,null
1193588.718,ALWAYS,ITI,-1,null
1200000.0,PROGRAMMATIC,SessionTimerEvent,-1,null
1200000.0,BLOCK,END,1,null
1200000.0,PROGRAM,END,-1,null
